33.8994827191577
33.789484397650114
33.65948638132296
33.65948638132296
33.689485923552304
33.679486076142524
33.65948638132296
33.519488517586026
33.46948928053712
33.43948973830778
33.37949065384909
33.3194915693904
33.21949309529259
33.20949324788281
33.13949431601434
33.12949446860456
33.30949172198062
33.28949202716106
33.83948363469902
33.749485008010986
33.53948821240559
33.33949126420997
33.18949355306325
32.899497978179596
32.6895011825742
32.56950301365683
32.49950408178836
32.50950392919814
32.36950606546121
32.22950820172427
31.979512016479745
31.689516441596094
31.56951827267872
31.5795181200885
31.539518730449377
31.499519340810252
31.979512016479745
35.61945647364004
35.78945387960632
36.61944121461814
35.78945387960632
35.11946410315099
34.679470817120624
34.32947615777829
34.00948104066529
33.679486076142524
33.37949065384909
33.13949431601434
32.929497520408944
32.77949980926223
32.63950194552529
32.41950530251011
32.169509117265584
31.699516289005874
31.24952315556573
30.95952758068208
30.749530785076676
30.569533531700618
31.029526512550547
31.469519798580908
31.349521629663542
31.429520408941787
31.299522392614637
31.089525597009235
30.879528801403833
30.659532158388647
30.449535362783244
30.249538414587622
30.059541313801788
30.039541618982227
30.169539635309377
29.98954238193332
29.79954528114748
29.649547570000763
29.449550621805145
29.379551689936676
29.159555046921493
28.6295631342031
28.359567254139012
28.109571068894486
27.849575036240175
27.80957564660105
27.5195800717174
27.319583123521785
27.019587701228353
26.719592278934922
26.239599603265432
26.01960296025025
25.689607995727474
25.3596130312047
25.039617914091707
24.719622796978715
24.36962813763638
24.059632867933164
23.799636835278857
23.659638971541927
24.889620202944993
28.70956191348135
28.96955794613565
28.429566186007477
27.769576256961926
25.039617914091707
26.569594567788204
25.99960326543069
25.489611047531852
24.909619897764557
24.38962783245594
23.93963469901579
23.49964141298543
23.04964827954528
22.689653772793164
22.379658503089953
22.029663843747617
21.78966750591287
22.829651636530098
23.809636682688637
23.869635767147326
21.259675593194476
20.939680476081485
20.619685358968493
20.249691004806593
21.519671625848783
19.56970138094148
19.279705806057834
19.039709468223087
18.799713130388344
18.549716945143818
18.349719996948195
18.129723353933013
17.90972671091783
17.70972976272221
17.529732509346154
17.359735103379872
17.22973708705272
17.269736476691843
17.289736171511407
16.989740749217976
16.989740749217976
16.869742580300603
16.74974441138323
16.619746395056076
16.64974593728542
16.399749752040893
16.269751735713744
16.109754177157246
15.959756466010528
15.819758602273595
15.68976058594644
15.529763027389945
15.369765468833448
15.219767757686732
15.079769893949797
14.969771572442207
14.839773556115054
14.71977538719768
14.579777523460747
14.42977981231403
14.289781948577097
14.149784084840162
14.029785915922789
13.969786831464104
14.109784695201038
14.109784695201038
14.059785458152133
13.999786373693446
13.92978744182498
13.419795223926146
13.769789883268482
13.679791256580454
13.589792629892425
13.499794003204395
13.419795223926146
13.339796444647899
13.25979766536965
13.179798886091401
13.099800106813154
13.029801174944687
12.95980224307622
12.909803006027314
12.849803921568627
12.78980483710994
12.729805752651256
12.689806363012131
12.659806820782787
12.639807125963225
12.619807431143663
12.579808041504538
12.58980788891432
12.569808194094758
12.549808499275196
12.539808651865414
12.529808804455634
12.509809109636072
12.48980941481651
12.469809719996949
12.449810025177387
12.429810330357824
12.409810635538264
12.389810940718702
12.37981109330892
12.359811398489358
12.349811551079577
12.329811856260015
12.319812008850233
12.309812161440453
12.299812314030671
12.28981246662089
12.279812619211109
12.269812771801329
12.259812924391547
12.249813076981766
12.239813229571984
12.229813382162204
12.229813382162204
12.219813534752422
12.209813687342642
12.209813687342642
12.19981383993286
12.18981399252308
12.18981399252308
12.179814145113298
12.179814145113298
12.169814297703518
12.169814297703518
12.159814450293737
12.159814450293737
12.159814450293737
12.149814602883955
12.149814602883955
12.139814755474175
12.139814755474175
12.139814755474175
12.129814908064393
12.129814908064393
12.129814908064393
12.129814908064393
12.119815060654613
12.119815060654613
12.119815060654613
12.119815060654613
12.109815213244831
12.109815213244831
12.109815213244831
12.109815213244831
12.09981536583505
12.09981536583505
12.09981536583505
12.09981536583505
12.09981536583505
12.09981536583505
12.09981536583505
12.09981536583505
12.09981536583505
12.089815518425269
12.089815518425269
12.089815518425269
12.089815518425269
12.079815671015488
12.079815671015488
12.079815671015488
12.079815671015488
12.079815671015488
12.079815671015488
12.079815671015488
12.079815671015488
12.079815671015488
12.079815671015488
12.079815671015488
12.079815671015488
12.069815823605706
12.069815823605706
12.069815823605706
12.069815823605706
12.069815823605706
12.069815823605706
12.069815823605706
12.069815823605706
12.079815671015488
12.079815671015488
12.079815671015488
12.079815671015488
12.079815671015488
12.079815671015488
12.079815671015488
12.079815671015488
12.069815823605706
12.069815823605706
12.069815823605706
12.069815823605706
12.069815823605706
12.159814450293737
13.139799496452277
12.729805752651256
12.829804226749065
12.86980361638819
12.889803311207752
12.149814602883955
12.909803006027314
12.909803006027314
12.919802853437096
12.919802853437096
12.919802853437096
12.919802853437096
12.919802853437096
12.909803006027314
16.009755703059433
21.619670099946593
23.159646601052874
23.069647974364845
22.979649347676816
22.869651026169223
14.919772335393302
22.94964980544747
27.08958663309682
27.839575188830395
27.169585412375067
24.65962371252003
26.229599755855652
26.679592889295797
27.829575341420615
27.28958358129244
25.209615320057985
26.489595788509956
26.11960143434806
25.789606469825287
25.499610894941636
25.099616998550392
24.9896186770428
24.789621728847184
24.599624628061342
24.419627374685284
24.259629816128786
24.129631799801633
24.049633020523384
23.959634393835355
23.83963622491798
23.72963790341039
23.709638208590828
23.799636835278857
23.92963485160601
24.349628442816815
24.65962371252003
24.00963363088426
24.249629968719006
24.94961928740368
25.209615320057985
26.59959411001755
27.329582970931565
27.039587396047914
26.62959365224689
26.299598687724114
25.3596130312047
27.499580376897843
28.2595687800412
30.049541466392007
31.699516289005874
30.49953459983215
29.629547875181203
29.199554436560618
28.84955977721828
28.54956435492485
27.989572899977112
28.14957045853361
27.929573815518424
27.77957610437171
27.559579461356524
27.419581597619594
27.229584496833755
27.139585870145726
29.40955123216602
31.1595245288777
33.43948973830778
32.35950621805142
32.81949919890135
32.629502098115516
31.989511863889526
30.85952910658427
32.27950743877317
32.55950316624705
32.78949965667201
34.20947798886091
35.05946501869231
38.31941527428092
38.61941069657435
37.57942656595713
36.489443198290985
35.509458152132446
37.77942351415274
36.84943770504311
36.47944335088121
36.129448691538876
35.28946150911727
35.559457389181354
36.439443961242084
36.73943938353551
36.68944014648661
35.599456778820475
35.53945769436179
35.60945662623026
35.579457084000914
35.31946105134661
34.98946608682384
34.87946776531624
34.54947280079347
34.33947600518807
34.17947844663157
34.0594802777142
33.939482108796824
33.819483939879454
33.619486991683836
33.2694923323415
32.989496604867625
32.929497520408944
33.729485313191425
33.8494834821088
33.929482261387044
34.32947615777829
33.52948836499581
33.23949279011215
33.01949614709697
32.849498741130695
32.629502098115516
32.46950453955902
32.33950652323186
32.22950820172427
32.059510795757994
31.839514152742808
32.069510643167774
33.33949126420997
36.08944930189975
39.01940459296559
39.809392538338294
38.43941344319829
37.969420614938585
38.29941557946136
40.38938368810559
39.47939757381552
39.98938979171435
39.35939940489815
38.29941557946136
37.68942488746472
37.209432211795225
37.04943465323873
36.70943984130617
36.6394409094377
36.80943831540398
36.67944029907683
36.09944914930953
35.679455558098724
35.359460440985735
34.91946715495537
34.589472190432595
34.679470817120624
33.86948317692836
32.60950240329595
32.25950774395361
31.889513389791716
31.399520866712443
31.179524223697264
30.809529869535364
34.74946974898909
36.489443198290985
35.83945311665522
32.27950743877317
32.009511558709086
31.499519340810252
31.029526512550547
30.429535667963684
31.819514457923248
31.399520866712443
30.999526970321202
30.549533836881057
30.069541161211568
27.949573510337988
28.029572289616237
27.999572747386893
28.919558709086747
28.759561150530253
29.88954390783551
30.32953719386587
29.97954253452354
29.42955092698558
28.779560845349817
25.749607080186163
25.399612420843823
25.16961593041886
24.959619134813458
24.889620202944993
27.35958251316091
27.999572747386893
28.109571068894486
27.989572899977112
27.569579308766308
23.90963515678645
23.569640344853898
23.269644922560467
23.0396484321355
22.829651636530098
25.209615320057985
24.74962233920806
24.359628290226595
24.049633020523384
24.10963210498207
23.519641107804993
23.92963485160601
24.229630273899442
24.74962233920806
24.719622796978715
22.75965270466163
22.409658045319294
22.05966338597696
21.69966887922484
21.349674219882505
21.889665980010683
21.40967330434119
20.97967986572061
20.57968596932937
20.23969115739681
19.33970489051652
19.019709773403523
18.739714045929656
18.499717708094913
18.269721217669947
18.249721522850386
17.939726253147175
17.639730830853743
17.399734493018997
17.21973723964294
16.92974166475929
16.779743953612574
16.669745632104984
16.469748683909362
16.22975234607462
16.06975478751812
15.839758297093157
15.619761654077974
15.409764858472572
15.219767757686732
14.98977126726177
14.809774013885711
14.639776607919432
14.469779201953154
14.30978164339666
14.189783474479286
14.04978561074235
13.92978744182498
13.809789272907606
13.709790798809797
13.609792324711988
13.539793392843519
13.469794460975052
13.399795529106584
13.339796444647899
13.219798275730525
13.139799496452277
13.069800564583812
12.999801632715345
12.929802700846876
12.939802548256658
12.899803158617534
12.85980376897841
12.829804226749065
12.799804684519723
12.67980651560235
12.639807125963225
12.609807583733883
12.569808194094758
12.539808651865414
12.579808041504538
12.549808499275196
12.529808804455634
12.499809262226291
12.479809567406729
12.409810635538264
12.399810788128482
12.37981109330892
12.36981124589914
12.349811551079577
12.37981109330892
12.36981124589914
12.359811398489358
12.349811551079577
12.329811856260015
12.28981246662089
12.279812619211109
12.269812771801329
12.259812924391547
12.249813076981766
12.269812771801329
12.269812771801329
12.259812924391547
12.249813076981766
12.249813076981766
12.209813687342642
12.209813687342642
12.209813687342642
12.19981383993286
12.18981399252308
12.219813534752422
12.209813687342642
12.19981383993286
12.19981383993286
12.19981383993286
12.169814297703518
12.169814297703518
12.169814297703518
12.169814297703518
12.159814450293737
12.179814145113298
12.179814145113298
12.169814297703518
12.169814297703518
12.159814450293737
12.149814602883955
12.139814755474175
12.139814755474175
12.139814755474175
12.139814755474175
12.149814602883955
12.149814602883955
12.149814602883955
12.139814755474175
12.139814755474175
12.129814908064393
12.129814908064393
12.129814908064393
12.119815060654613
12.119815060654613
12.129814908064393
12.129814908064393
12.129814908064393
12.129814908064393
12.129814908064393
12.109815213244831
12.109815213244831
12.109815213244831
12.109815213244831
12.109815213244831
12.119815060654613
12.119815060654613
12.119815060654613
12.119815060654613
12.109815213244831
12.109815213244831
12.109815213244831
12.109815213244831
12.09981536583505
12.09981536583505
12.119815060654613
12.579808041504538
13.429795071335928
14.269782253757535
14.639776607919432
14.359780880445564
14.399780270084689
14.419779964904249
14.419779964904249
14.419779964904249
15.68976058594644
17.03973998626688
18.829712672617685
19.619700617990386
25.429611963073167
31.179524223697264
30.39953612573434
30.049541466392007
29.32955245288777
28.60956343938354
27.20958480201419
26.649593347066453
26.189600366216528
25.799606317235067
25.479611200122072
25.869605249103532
25.589609521629665
25.33961333638514
25.119616693369952
24.929619592584118
24.01963347829404
23.8296363775082
23.669638818951707
23.539640802624554
23.39964293888762
24.029633325703823
26.669593041886014
31.22952346074617
31.07952574959945
30.619532768749522
27.529579919127183
27.27958373388266
26.8895896849012
26.729592126344702
27.849575036240175
29.779545586327917
29.369551842526896
28.899559014267183
28.53956450751507
28.15957030594339
25.91960448615244
25.64960860608835
25.419612115663387
25.229615014877545
25.049617761501487
27.36958236057069
29.269553368429083
30.949527733272298
33.22949294270237
32.1595092698558
28.369567101548792
29.309552758068207
30.369536583504996
33.4794891279469
31.499519340810252
33.25949248493172
32.78949965667201
32.51950377660792
32.22950820172427
31.909513084611277
30.159539787899593
31.119525139238576
30.819529716945144
30.539533989471273
30.229538719768062
32.12950972762646
31.909513084611277
31.739515678645
31.64951705195697
31.829514305333028
29.569548790722514
30.609532921339742
36.05944975967041
35.599456778820475
34.36947554741741
36.78943862058442
40.93937529564355
39.76939314869917
40.10938796063173
40.36938399328603
39.42939833676661
39.42939833676661
38.99940489814603
38.34941481651026
37.93942107270924
37.46942824444953
37.979420462348365
39.809392538338294
40.12938765545129
39.56939620050355
40.41938323033494
39.56939620050355
39.93939055466545
39.19940184634165
38.58941115434501
37.979420462348365
37.77942351415274
37.46942824444953
37.239431754024565
37.029434958419166
36.83943785763333
37.219432059205005
38.809407797360194
38.42941359578851
37.91942137788968
38.959405508506904
41.0193740749218
40.579380788891434
40.55938109407187
40.78937758449683
39.4393981841764
38.639410391393916
38.22941664759289
37.899421683070116
37.61942595559625
37.92942122529946
40.05938872358282
41.419367971313044
40.31938475623712
41.69936369878691
41.00937422751202
39.77939299610895
39.17940215152208
38.45941313801785
37.999420157167926
37.66942519264516
37.44942854962997
37.44942854962997
37.24943160143435
36.89943694209201
36.39944457160296
36.35944518196384
36.41944426642252
36.149448386358436
36.219447318226905
36.36944502937362
35.91945189593347
35.66945571068894
35.449459067673764
35.14946364538034
34.79946898603799
34.559472648203254
34.31947631036851
34.11947936217288
33.8994827191577
33.679486076142524
33.599487296864275
33.719485465781645
35.96945113298238
36.27944640268559
36.90943678950179
37.179432669565884
37.49942778667888
36.71943968871595
36.289446250095374
35.2194625772488
35.05946501869231
34.709470359349964
34.16947859922179
33.52948836499581
33.1594940108339
32.80949935149157
32.43950499732967
32.189508812085144
32.089510337987335
35.9594512855726
35.30946120393683
34.89946746013581
34.44947432669566
34.15947875181201
34.98946608682384
34.37947539482719
34.21947783627069
33.699485770962085
33.599487296864275
34.78946913862821
35.09946440833143
34.65947112230106
34.08947981994354
33.649486533913176
32.889498130769816
32.82949904631113
32.50950392919814
32.39950560769055
32.109510032806895
31.689516441596094
31.529518883039596
30.989527122911422
30.49953459983215
30.089540856031128
29.319552605477988
28.939558403906307
28.4695655756466
28.019572442206453
27.669577782864117
27.409581750209814
27.059587090867478
26.699592584115358
26.359597772182802
26.08960189211872
25.819606012054628
25.55960997940032
25.299613946746014
25.029618066681923
24.75962218661784
24.619624322880906
24.319628900587475
23.949634546425575
23.619639581902803
23.269644922560467
22.909650415808347
22.56965560387579
22.199661249713895
21.909665674830244
21.70966872663462
21.46967238879988
21.189676661326008
20.89968108644236
20.619685358968493
20.43968810559243
20.21969146257725
19.95969542992294
19.679699702449074
19.389704127565423
19.109708400091556
18.84971236743725
18.539717097734037
18.37971953917754
18.339720149538415
18.229721828030826
18.019725032425423
18.139723201342797
18.08972396429389
17.939726253147175
17.739729304951553
17.469733424887465
17.289736171511407
17.03973998626688
16.799743648432138
16.56974715800717
16.33975066758221
16.119754024567026
15.909757228961624
15.699760433356222
15.499763485160601
15.309766384374761
15.159768673228045
15.019770809491114
14.859773250934616
14.699775692378118
14.549777981231403
14.409780117494467
14.259782406347753
14.11978454261082
13.979786678873884
13.84978866254673
13.729790493629359
13.619792172121768
13.509793850614177
13.429795071335928
13.349796292057679
13.279797360189212
13.219798275730525
13.149799343862057
13.079800411993592
13.019801327534907
12.95980224307622
12.909803006027314
12.86980361638819
12.819804379339285
12.77980498970016
12.729805752651256
12.689806363012131
12.659806820782787
12.629807278553445
12.5998077363241
12.569808194094758
12.539808651865414
12.519808957045854
12.48980941481651
12.469809719996949
12.449810025177387
12.429810330357824
12.409810635538264
12.399810788128482
12.37981109330892
12.36981124589914
12.359811398489358
12.349811551079577
12.339811703669795
12.329811856260015
12.309812161440453
12.309812161440453
12.299812314030671
12.28981246662089
12.279812619211109
12.269812771801329
12.269812771801329
12.259812924391547
12.249813076981766
12.249813076981766
12.239813229571984
12.229813382162204
12.229813382162204
12.219813534752422
12.219813534752422
12.209813687342642
12.209813687342642
12.19981383993286
12.19981383993286
12.19981383993286
12.18981399252308
12.179814145113298
12.179814145113298
12.179814145113298
12.179814145113298
12.169814297703518
12.169814297703518
12.169814297703518
12.159814450293737
12.159814450293737
12.159814450293737
12.159814450293737
12.159814450293737
12.159814450293737
12.149814602883955
12.139814755474175
12.139814755474175
12.139814755474175
12.139814755474175
12.139814755474175
12.139814755474175
12.139814755474175
12.139814755474175
12.139814755474175
12.139814755474175
12.129814908064393
12.129814908064393
12.129814908064393
12.129814908064393
12.129814908064393
12.129814908064393
12.129814908064393
12.119815060654613
12.119815060654613
12.119815060654613
12.119815060654613
12.119815060654613
12.119815060654613
12.119815060654613
12.109815213244831
12.109815213244831
12.109815213244831
12.109815213244831
12.109815213244831
12.109815213244831
12.109815213244831
12.109815213244831
12.109815213244831
12.109815213244831
12.109815213244831
12.109815213244831
12.109815213244831
12.109815213244831
12.109815213244831
12.119815060654613
12.109815213244831
12.09981536583505
12.09981536583505
12.09981536583505
12.09981536583505
12.09981536583505
12.09981536583505
12.09981536583505
12.09981536583505
12.149814602883955
14.339781185626002
16.219752498664835
16.429749294270238
16.539747615777827
12.239813229571984
16.72974471656367
16.91974181734951
17.099739070725565
17.20973739223316
18.939710994125274
17.50973281452659
17.729729457541772
20.90968093385214
23.72963790341039
25.119616693369952
21.84966659037156
21.999664301518273
23.229645532921342
23.519641107804993
23.4096427862974
23.849636072327762
23.769637293049513
23.979634088654915
25.91960448615244
25.759606927595943
24.319628900587475
24.20963057907988
24.079632562752728
23.959634393835355
25.289614099336234
23.71963805600061
23.58964003967346
23.469641870756085
23.33964385442893
23.189646143282218
23.069647974364845
22.93964995803769
22.819651789120318
22.709653467612725
22.609654993514916
22.509656519417103
22.419657892729074
22.32965926604105
22.22966079194324
22.14966201266499
22.06966323338674
21.999664301518273
21.929665369649808
21.85966643778134
21.799667353322654
21.739668268863966
21.67966918440528
21.619670099946593
21.559671015487908
21.48967208361944
21.429672999160754
21.349674219882505
21.289675135423817
21.229676050965132
21.169676966506444
21.109677882047762
21.089678187228202
21.12967757686732
21.67966918440528
22.699653620202945
22.519656366826887
32.36950606546121
31.96951216906996
30.529534142061493
29.679547112230107
28.85955962462806
28.329567711909668
27.919573968108644
27.59957885099565
27.419581597619594
27.129586022735943
27.039587396047914
26.91958922713054
26.849590295262075
28.009572594796673
28.399566643778137
28.219569390402075
28.26956862745098
28.869559472037842
29.50954970626383
28.749561303120473
28.379566948958573
28.06957167925536
27.78957595178149
27.559579461356524
27.249584191653316
26.98958815899901
26.739591973754482
26.52959517814908
26.329598229953458
26.11960143434806
25.939604180972
25.759606927595943
25.55960997940032
25.329613488975355
25.17961577782864
25.009618371862363
24.85962066071565
24.73962249179828
24.609624475471122
24.489626306553752
24.37962798504616
24.29962920576791
24.239630121309226
24.169631189440757
24.10963210498207
24.059632867933164
23.9896339360647
23.90963515678645
23.8296363775082
26.0996017395285
28.17957000076295
30.799530022125584
31.909513084611277
32.009511558709086
33.12949446860456
33.02949599450675
31.799514763103684
31.099525444419015
30.30953749904631
30.269538109407186
30.129540245670253
30.039541618982227
29.759545891508356
31.169524376287484
32.56950301365683
33.33949126420997
33.729485313191425
33.519488517586026
34.0594802777142
34.589472190432595
33.739485160601205
35.01946562905318
37.139433279926756
35.509458152132446
35.09946440833143
34.599472037842375
34.17947844663157
33.44948958571756
32.64950179293507
32.26950759136339
31.839514152742808
31.519519035629816
31.20952376592661
30.879528801403833
30.569533531700618
30.239538567177842
30.049541466392007
33.87948302433814
36.08944930189975
34.65947112230106
33.85948332951858
33.27949217975128
32.849498741130695
32.4795043869688
32.20950850690471
31.799514763103684
31.409520714122223
31.269522850385293
32.42950514991989
32.899497978179596
32.37950591287099
31.789514915693903
31.289522545204854
30.269538109407186
30.429535667963684
29.98954238193332
29.569548790722514
29.169554894331274
28.829560082398718
28.55956420233463
28.399566643778137
28.33956755931945
28.24956893263142
27.829575341420615
27.609578698405432
27.28958358129244
26.949588769359885
26.61959380483711
26.389597314412146
25.94960402838178
25.589609521629665
25.26961440451667
24.919619745174337
24.46962661173419
24.119631952391853
23.83963622491798
23.59963988708324
23.39964293888762
23.199645990691998
22.93964995803769
22.64965438315404
22.409658045319294
22.209661097123675
21.949665064469368
21.659669489585717
21.449672693980315
21.47967223620966
22.019663996337837
22.13966216525521
20.679684443427178
20.349689478904402
20.02969436179141
19.819697566186008
20.779682917524987
19.369704432745863
19.06970901045243
18.769713588159
18.47971801327535
18.229721828030826
18.049724574654764
17.849727626459146
17.6097312886244
17.379734798199436
17.14973830777447
16.91974181734951
16.679745479514764
16.45974883649958
16.25975188830396
16.0797546349279
15.909757228961624
15.739759822995346
15.559762569619288
15.369765468833448
15.19976806286717
15.019770809491114
14.839773556115054
14.669776150148776
14.51977843900206
14.399780270084689
14.259782406347753
14.139784237430382
14.019786068513008
13.889788052185855
13.7597900358587
13.64979171435111
13.549793240253301
13.44979476615549
13.379795834287023
13.299797055008774
13.229798123140306
13.139799496452277
13.05980071717403
12.999801632715345
12.939802548256658
12.879803463797971
12.839804074158847
12.799804684519723
12.76980514229038
12.729805752651256
12.689806363012131
12.659806820782787
12.629807278553445
12.5998077363241
12.579808041504538
12.549808499275196
12.519808957045854
12.499809262226291
12.479809567406729
12.459809872587169
12.439810177767606
12.419810482948044
12.399810788128482
12.389810940718702
12.36981124589914
12.359811398489358
12.349811551079577
12.339811703669795
12.319812008850233
12.309812161440453
12.299812314030671
12.28981246662089
12.279812619211109
12.259812924391547
12.259812924391547
12.249813076981766
12.239813229571984
12.239813229571984
12.229813382162204
12.229813382162204
12.219813534752422
12.219813534752422
12.209813687342642
12.19981383993286
12.19981383993286
12.19981383993286
12.18981399252308
12.18981399252308
12.179814145113298
12.179814145113298
12.179814145113298
12.169814297703518
12.169814297703518
12.169814297703518
12.169814297703518
12.159814450293737
12.159814450293737
12.159814450293737
12.159814450293737
12.149814602883955
12.149814602883955
12.149814602883955
12.139814755474175
12.139814755474175
12.139814755474175
12.139814755474175
12.139814755474175
12.139814755474175
12.139814755474175
12.129814908064393
12.129814908064393
12.119815060654613
12.119815060654613
12.119815060654613
12.119815060654613
12.119815060654613
12.119815060654613
12.119815060654613
12.119815060654613
12.109815213244831
12.109815213244831
12.109815213244831
12.109815213244831
12.109815213244831
12.109815213244831
12.109815213244831
12.109815213244831
12.109815213244831
12.129814908064393
15.489763637750821
17.19973754482338
17.48973311970703
17.51973266193637
17.479733272297246
14.169783779659724
17.40973434042878
17.379734798199436
17.339735408560312
17.299736018921188
17.249736781872283
17.19973754482338
17.159738155184254
17.109738918135346
17.069739528496225
17.0297401388571
16.989740749217976
16.899742122529947
16.819743343251698
16.73974456397345
16.669745632104984
16.599746700236516
16.519747920958267
16.449748989089798
16.389749904631113
16.33975066758221
16.289751430533304
16.219752498664835
16.15975341420615
16.109754177157246
16.039755245288777
15.97975616083009
15.919757076371404
15.8697578393225
15.809758754863813
15.759759517814908
15.719760128175784
15.679760738536661
15.639761348897537
15.599761959258412
15.56976241702907
15.539762874799726
15.519763179980163
15.489763637750821
15.449764248111697
15.419764705882354
15.399765011062792
15.369765468833448
15.38976516365301
17.13973846036469
20.389688868543526
22.619654840924696
23.649639124132147
23.749637598229953
24.029633325703823
26.399597161821927
32.20950850690471
32.1595092698558
30.629532616159306
30.69953154802777
29.389551537346456
28.839559929808498
28.659562676432444
28.52956466010529
28.17957000076295
27.5195800717174
27.589579003585868
27.449581139848938
27.5195800717174
27.35958251316091
26.739591973754482
26.939588921950104
26.97958831158923
27.549579613946744
31.679516594186314
31.22952346074617
30.459535210193025
29.95954283970398
30.159539787899593
30.21953887235828
29.88954390783551
29.40955123216602
30.139540093080033
29.949542992294198
29.569548790722514
29.89954375524529
28.879559319447623
28.61956328679332
28.409566491187917
28.209569542992295
28.039572137026017
27.919573968108644
27.80957564660105
27.77957610437171
29.629547875181203
34.77946929121843
34.01948088807507
35.30946120393683
34.54947280079347
33.90948256656748
34.82946852826734
34.25947722590982
33.719485465781645
35.589456931410695
39.00940474555581
39.96939009689479
37.539427176318
36.87943724727245
36.71943968871595
36.229447165636685
36.109448996719316
35.23946227206836
35.0094657816434
34.77946929121843
34.529473105973906
34.509473411154346
34.25947722590982
34.15947875181201
34.04948043030441
34.06948012512398
34.00948104066529
38.15941771572442
38.44941329060807
37.899421683070116
37.149433127336536
36.77943877317464
36.75943907835508
36.45944365606165
36.97943572137026
37.47942809185931
37.109433737697415
36.84943770504311
39.659394827191576
40.87937621118486
39.4393981841764
39.03940428778515
38.919406118867784
38.78940810254063
38.109418478675515
37.77942351415274
37.749423971923406
37.539427176318
37.06943434805829
36.84943770504311
37.139433279926756
41.07937315938049
42.089357747768375
40.14938735027085
39.29940032043946
40.31938475623712
39.91939085984588
39.42939833676661
39.20940169375143
40.54938124666209
39.619395437552456
38.819407644769974
38.67940978103304
39.17940215152208
38.62941054398413
37.93942107270924
37.079434195468075
36.81943816281376
36.47944335088121
36.18944777599756
35.91945189593347
35.6394561684596
35.389459983215076
35.91945189593347
36.239447013046465
36.199447623407345
38.36941451132982
37.979420462348365
37.62942580300603
38.29941557946136
37.79942320897231
37.159432974746316
37.3294303807126
36.84943770504311
36.339445487144275
36.02945021744107
36.219447318226905
36.17944792858778
36.149448386358436
36.05944975967041
36.249446860456246
36.09944914930953
35.849452964065
35.519457999542226
34.87946776531624
34.36947554741741
33.8994827191577
33.4794891279469
33.17949370565347
32.879498283360036
33.53948821240559
33.48948897535668
32.899497978179596
32.46950453955902
32.099510185397115
31.849514000152592
31.389521019302663
30.879528801403833
30.449535362783244
30.029541771572443
29.58954848554208
29.22955397878996
28.799560540169377
28.489565270466166
28.15957030594339
27.87957457846952
27.509580224307626
27.139585870145726
26.779591363393607
26.42959670405127
26.159600823987184
25.959603875791565
25.71960753795682
25.449611657892728
25.119616693369952
24.73962249179828
24.439627069504844
24.149631494621193
23.859635919737542
23.739637750820172
26.98958815899901
28.679562371252004
29.769545738918136
32.59950255588617
32.56950301365683
31.419520561532003
29.80954512855726
30.39953612573434
29.639547722590983
29.739546196688792
30.989527122911422
30.819529716945144
29.4195510795758
28.909558861676967
28.359567254139012
27.849575036240175
27.919573968108644
26.859590142671856
26.379597467002363
25.939604180972
25.509610742351416
25.059617608911267
24.599624628061342
24.159631342030977
23.669638818951707
23.229645532921342
22.799652094300754
22.389658350499737
21.989664454108492
21.619670099946593
21.289675135423817
20.96968001831083
20.629685206378273
20.259690852216373
19.889696498054477
19.529701991302357
19.209706874189365
18.84971236743725
18.509717555504693
18.1897224383917
17.88972701609827
17.58973159380484
17.359735103379872
17.13973846036469
16.879742427710386
16.62974624246586
16.36975020981155
16.139753719386587
15.919757076371404
15.709760280766002
15.489763637750821
15.289766689555199
15.089769741359579
14.939772030212865
14.809774013885711
14.699775692378118
14.549777981231403
14.389780422674908
14.239782711528193
14.089785000381475
13.949787136644542
13.809789272907606
13.689791103990235
13.569792935072863
13.469794460975052
13.379795834287023
13.289797207598992
13.229798123140306
13.159799191271839
13.099800106813154
13.029801174944687
12.979801937895783
12.929802700846876
12.879803463797971
12.839804074158847
12.799804684519723
12.759805294880598
12.729805752651256
12.699806210421912
12.659806820782787
12.629807278553445
12.5998077363241
12.579808041504538
12.549808499275196
12.529808804455634
12.519808957045854
12.499809262226291
12.48980941481651
12.469809719996949
12.449810025177387
12.429810330357824
12.409810635538264
12.399810788128482
12.37981109330892
12.36981124589914
12.359811398489358
12.349811551079577
12.339811703669795
12.329811856260015
12.319812008850233
12.309812161440453
12.299812314030671
12.299812314030671
12.28981246662089
12.279812619211109
12.269812771801329
12.269812771801329
12.259812924391547
12.249813076981766
12.239813229571984
12.239813229571984
12.239813229571984
12.229813382162204
12.229813382162204
12.229813382162204
12.219813534752422
12.209813687342642
12.209813687342642
12.209813687342642
12.209813687342642
12.19981383993286
12.19981383993286
12.18981399252308
12.18981399252308
12.18981399252308
12.18981399252308
12.18981399252308
12.18981399252308
12.18981399252308
12.18981399252308
12.18981399252308
12.179814145113298
12.179814145113298
12.179814145113298
12.179814145113298
12.179814145113298
12.179814145113298
12.179814145113298
12.179814145113298
12.179814145113298
12.179814145113298
12.179814145113298
12.179814145113298
12.179814145113298
12.169814297703518
12.169814297703518
12.169814297703518
12.169814297703518
12.169814297703518
12.169814297703518
12.169814297703518
12.169814297703518
12.169814297703518
12.169814297703518
12.169814297703518
12.159814450293737
12.159814450293737
12.159814450293737
12.159814450293737
12.159814450293737
12.159814450293737
12.159814450293737
12.159814450293737
12.159814450293737
12.159814450293737
12.159814450293737
12.159814450293737
12.159814450293737
12.159814450293737
12.159814450293737
12.149814602883955
12.149814602883955
12.149814602883955
12.149814602883955
12.139814755474175
12.139814755474175
12.139814755474175
12.139814755474175
12.139814755474175
12.139814755474175
12.139814755474175
12.139814755474175
12.139814755474175
12.139814755474175
12.139814755474175
12.139814755474175
12.139814755474175
12.139814755474175
12.139814755474175
12.139814755474175
12.149814602883955
12.139814755474175
12.149814602883955
12.149814602883955
12.149814602883955
12.709806057831694
16.55974731059739
20.78968276493477
21.969664759288932
29.289553063248647
33.679486076142524
30.989527122911422
30.95952758068208
31.95951232166018
30.66953200579843
32.46950453955902
33.33949126420997
33.22949294270237
32.33950652323186
32.4795043869688
33.01949614709697
31.699516289005874
32.81949919890135
32.42950514991989
32.059510795757994
31.719515983825435
31.93951262684062
33.34949111161975
33.069495384145874
32.7395004196231
32.71950072480354
32.979496757457845
32.74950026703288
32.70950087739376
33.18949355306325
32.69950102998398
32.45950469214924
32.30950698100252
35.94945143816282
34.619471732661935
34.00948104066529
32.77949980926223
32.54950331883727
32.40950545510033
32.35950621805142
32.169509117265584
32.11950988021668
32.63950194552529
33.13949431601434
33.519488517586026
33.17949370565347
32.109510032806895
32.879498283360036
32.82949904631113
32.63950194552529
33.23949279011215
34.27947692072938
34.0594802777142
33.65948638132296
33.41949004348821
33.43948973830778
34.1094795147631
33.739485160601205
33.639486686503396
33.739485160601205
34.45947417410544
34.23947753109026
34.01948088807507
33.789484397650114
33.44948958571756
33.20949324788281
32.71950072480354
32.81949919890135
32.46950453955902
32.089510337987335
31.74951552605478
31.549518577859157
31.439520256351567
31.359521477073322
31.189524071107044
30.83952941176471
30.519534294651713
30.249538414587622
30.049541466392007
29.87954406042573
29.759545891508356
29.659547417410547
29.549549095902954
29.359551995117112
29.199554436560618
29.05955657282368
28.909558861676967
28.749561303120473
28.60956343938354
28.509564965285726
28.319567864499888
28.139570611123826
27.979573052567332
27.829575341420615
27.679577630273897
27.529579919127183
27.399581902800033
27.119586175326162
26.82959060044251
26.62959365224689
26.42959670405127
26.319598382543678
26.479595941100175
26.559594720378424
26.45959624628061
26.279598992904553
26.079602044708935
25.33961333638514
25.149616235599296
25.17961577782864
25.849605554283972
27.08958663309682
29.359551995117112
30.09954070344091
29.829544823376825
29.459550469214925
29.05955657282368
26.379597467002363
26.309598535133897
26.289598840314333
26.43959655146105
27.409581750209814
28.789560692759597
30.199539177538718
30.809529869535364
30.29953765163653
29.829544823376825
26.079602044708935
25.779606622415503
25.5696098268101
26.259599298084993
27.449581139848938
30.7895301747158
30.579533379110398
30.069541161211568
29.669547264820327
29.359551995117112
26.719592278934922
26.44959639887083
26.10960158693828
25.73960723277638
25.419612115663387
27.069586938277258
26.799591058213167
26.53959502555886
26.299598687724114
26.069602197299155
23.449642175936525
23.10964736400397
22.6696540779736
22.259660334172583
21.899665827420463
23.979634088654915
23.639639276722363
23.269644922560467
22.929650110627907
22.56965560387579
19.94969558251316
19.709699244678415
19.429703517204548
19.139707942320896
18.829712672617685
20.57968596932937
20.22969130998703
19.899696345464257
19.56970138094148
19.319705195696958
17.359735103379872
17.249736781872283
17.179737850003814
17.13973846036469
16.999740596627756
18.529717250324254
18.48971786068513
18.86971206225681
19.129708094911116
19.089708705271992
16.449748989089798
16.289751430533304
16.099754329747462
15.909757228961624
15.719760128175784
17.61973113603418
17.359735103379872
17.109738918135346
16.93974151216907
16.92974166475929
15.009770962081332
14.919772335393302
14.789774319066149
14.659776302738994
14.539778133821622
15.589762111848632
15.459764095521479
15.339765926604105
15.169768520637827
14.999771114671551
13.93978728923476
13.839788815136949
13.769789883268482
13.689791103990235
13.599792477302206
14.209783169298849
14.089785000381475
13.969786831464104
13.839788815136949
13.719790646219579
13.109799954222936
13.029801174944687
12.95980224307622
12.899803158617534
12.839804074158847
13.149799343862057
13.079800411993592
13.019801327534907
12.95980224307622
12.889803311207752
12.58980788891432
12.559808346684976
12.529808804455634
12.499809262226291
12.469809719996949
12.58980788891432
12.559808346684976
12.519808957045854
12.48980941481651
12.459809872587169
12.329811856260015
12.309812161440453
12.299812314030671
12.279812619211109
12.269812771801329
12.339811703669795
12.319812008850233
12.309812161440453
12.28981246662089
12.279812619211109
12.209813687342642
12.209813687342642
12.19981383993286
12.18981399252308
12.18981399252308
12.229813382162204
12.219813534752422
12.209813687342642
12.19981383993286
12.19981383993286
12.149814602883955
12.149814602883955
12.149814602883955
12.139814755474175
12.139814755474175
12.169814297703518
12.159814450293737
12.159814450293737
12.149814602883955
12.149814602883955
12.119815060654613
12.109815213244831
12.109815213244831
12.109815213244831
12.109815213244831
12.129814908064393
12.129814908064393
12.119815060654613
12.119815060654613
12.119815060654613
12.089815518425269
12.089815518425269
12.089815518425269
12.089815518425269
12.089815518425269
12.109815213244831
12.109815213244831
12.109815213244831
12.09981536583505
12.089815518425269
12.079815671015488
12.079815671015488
12.079815671015488
12.079815671015488
12.079815671015488
12.089815518425269
12.089815518425269
12.079815671015488
12.079815671015488
12.079815671015488
12.069815823605706
12.069815823605706
12.069815823605706
12.069815823605706
12.069815823605706
12.079815671015488
12.079815671015488
12.069815823605706
12.069815823605706
12.069815823605706
12.049816128786144
12.049816128786144
12.049816128786144
12.049816128786144
12.049816128786144
12.069815823605706
12.069815823605706
12.069815823605706
12.069815823605706
12.069815823605706
12.049816128786144
12.049816128786144
12.039816281376364
12.039816281376364
12.039816281376364
12.049816128786144
12.049816128786144
12.049816128786144
12.049816128786144
12.049816128786144
12.039816281376364
12.039816281376364
12.039816281376364
12.039816281376364
12.039816281376364
12.049816128786144
12.049816128786144
12.049816128786144
12.049816128786144
12.039816281376364
12.039816281376364
12.039816281376364
12.039816281376364
12.029816433966582
12.029816433966582
12.039816281376364
12.039816281376364
12.039816281376364
12.039816281376364
12.039816281376364
12.029816433966582
12.029816433966582
12.029816433966582
12.029816433966582
12.029816433966582
12.039816281376364
12.039816281376364
12.039816281376364
12.039816281376364
12.039816281376364
12.029816433966582
12.049816128786144
12.049816128786144
12.079815671015488
12.09981536583505
12.039816281376364
12.059815976195926
12.079815671015488
12.09981536583505
12.139814755474175
13.509793850614177
13.839788815136949
14.009786221103226
14.079785152971695
14.11978454261082
14.419779964904249
14.449779507133591
14.479779049362936
14.489778896772716
14.499778744182498
14.21978301670863
14.21978301670863
14.22978286411841
14.22978286411841
14.22978286411841
14.499778744182498
14.489778896772716
14.489778896772716
14.489778896772716
14.479779049362936
14.21978301670863
14.21978301670863
14.21978301670863
14.209783169298849
14.21978301670863
14.879772945754178
17.12973861295491
17.689730067902648
17.91972655832761
19.029709620813307
19.33970489051652
19.56970138094148
19.689699549858855
19.74969863431754
19.779698176546884
19.1897071793698
19.1897071793698
19.17970733196002
19.209706874189365
19.23970641641871
20.22969130998703
20.32968978408484
20.359689326314182
20.379689021133746
