nan
nan
0.1161899770692665
0.4147056626738769
0.41142862048839973
0.4012042344906472
0.4013112863668853
0.4042504146532563
0.3963064017616028
0.41244531124424766
0.4300898661445751
0.3942105614483251
0.3975852670007677
0.3892288940727327
0.3796931489689456
0.3670054148543551
0.41416977971670044
0.35368238779677813
0.3116082478737616
0.3731854171774273
0.37263545973303785
0.38234013289747515
0.42227300199741163
0.42256852774710896
0.4122811793274484
0.4137942850078913
0.40426957570085664
0.4396392119348887
0.4766523307896725
0.4709118419247615
0.4721289231430912
0.46715372154014856
0.47209761569532777
0.47248964384150816
0.4832554548284495
0.5043440810370634
0.4999172937912166
0.5069723553079207
0.5119884793631849
0.5146936783679387
0.5129755141331802
0.4963423420665544
0.49119500750621753
0.48436683214243464
0.45912040930469417
0.47167874754852934
0.5015620345593307
0.4958572980064313
0.4899160570690989
0.4818511275302138
0.4837050972878365
0.47849427325531346
0.4781171910175426
0.46205167858911245
0.4536982936632854
0.4567809262135667
0.45609969827940317
0.4498684655070474
0.468571620922222
0.458641113302011
0.45122015348107364
0.4457167992173443
0.446580013950107
0.43970203085040993
0.43707745133826476
0.4370687232998937
0.43502331442830633
0.3742090868074943
0.355643773479466
0.3343046143310776
0.29096350567729085
0.2829222444523775
0.30513308312648496
0.29708266280383244
0.29271560956980613
0.290640066255555
0.2872184383221298
0.2757703051925181
0.2659917747877078
0.2548033239070137
0.2329688311747322
0.19616935584507603
0.18922074141438958
0.1994885554194453
0.19964424267277456
0.23070314847744813
0.256831741579424
0.2574501229123186
0.25841122653815946
0.25924652765612183
0.2566774992466106
0.2701385955187715
0.27405203530099675
0.27755029840698076
0.278642996099248
0.2725068333741895
0.2837556786582161
0.286747449762972
0.28637465684527474
0.2905953037580849
0.2939660374462985
0.2778842304917371
0.2434851492121442
0.23546867797993934
0.25871854063568467
0.2664223322071982
0.29397741521333426
0.3225931882015465
0.3199419128448237
0.31680075450569406
0.31357457814413425
0.31162787731998476
0.3085805363343554
0.30830279818786827
0.3087255301290834
0.37908285635433275
0.3121786984473035
0.28970996511997826
0.24438164694190811
0.23513719015581555
0.1911411072609338
0.15040936627558624
0.15884507848828347
0.1516158851752952
0.14123086350873834
0.1656100369572876
0.16777879993990033
0.16777879993990033
0.20288772513157552
0.20288772513157552
0.2537915823694339
0.28608785090697875
0.28493520663400074
0.27740836967750965
0.27740836967750965
0.013415964515711485
0.2717095858555796
0.27697486054275505
0.2917331579818642
nan
nan
