1.9906512550545585
2.7556395819028126
1.8706530861371675
1.0256659800106718
2.860637979705473
1.1956633859769568
0.0
0.0
0.7256705577172511
0.23567803463794235
1.1706637674524814
0.7606700236514712
0.0
0.3156768139162409
0.3856757457846811
0.4106753643091565
1.2606623941405246
0.0656806286717142
0.0
0.0
0.0
0.0
0.0
0.0
0.0
0.0
0.0
1.2256629282063045
1.2906619363698724
1.7356551461051026
2.865637903410402
5.165602807660036
5.855592278934921
7.095573357747753
6.545581750209806
7.2405711451896195
7.695564202334651
4.8956069275959635
4.6056113527122875
5.805593041886027
6.1855872434576895
0.0
0.09568017090100511
1.4006602578774618
0.2706775005722193
0.5306735332264907
0.07068055237658655
1.655656366826861
3.9256217288472044
0.0
0.0
0.0
0.0
0.0
0.0
0.0
0.0
0.0
0.0
0.0
0.0
0.0
0.0
0.0
0.0
2.305646448462653
4.830607919432396
4.815608148317722
4.150618295567256
3.2156325627527167
4.480613260090024
4.7706088349737
0.4256751354238304
0.0
0.0
0.0
0.0
0.0
0.015681391622763385
1.5006587319752498
5.120603494316015
0.0
0.0
0.0
0.4456748302433766
5.240601663233406
6.690579537651672
8.265555504692145
7.480567483024345
7.455567864499926
6.830577401388609
7.255570916304293
5.530597238117025
7.075573662928207
4.905606775005708
2.9206370641641684
6.435583428702216
3.7056250858320254
5.050604562447575
8.14555733577481
3.8606227206835797
0.0
3.170633249408695
4.930606393530184
5.935591058213163
0.0
0.0
1.7206553749904288
2.085649805447474
7.675564507515105
7.8005626001373685
7.970560006103597
9.230540779736032
9.135542229343116
7.8855613031204825
8.165557030594357
5.73559411001753
3.525627832455939
1.8556533150224936
3.325630884260306
5.620595864805068
7.16557228961625
8.035559014267221
9.025543907835527
10.630519417105404
8.10055802243079
9.580535439078346
11.47050659952697
10.180526283665188
9.83053162432293
11.750502327000845
12.420492103456183
8.910545662623065
8.505551842526927
7.20057175555047
6.770578316929914
8.990544441901307
10.235525444419011
9.705533531700667
7.455567864499926
8.755548027771454
9.155541924162662
8.485552147707324
7.040574196993987
6.75557854581524
6.6105807583733736
11.680503395132348
16.505429770351725
16.100435950255587
12.950484016174585
7.085573510338008
9.140542153047988
14.440461280231943
16.430430914778356
15.085451438162806
10.760517433432483
10.050528267338052
10.430522468909714
11.09551232166018
11.680503395132348
11.260509803921536
12.975483634699003
17.59541313801782
17.410415960936916
14.49546044098571
11.980498817425769
10.810516670481434
8.380553749904664
13.240479591058204
14.890454413672103
13.79547112230108
13.065482261387046
18.13540489814602
21.335356069275974
21.43035461966889
14.180465247577615
13.52547524223695
12.765486839093626
12.540490272373518
16.130435492484935
21.01536095216295
20.465369344625003
16.055436636911566
13.925469138628216
11.705503013656823
12.765486839093626
16.100435950255587
18.830394293125778
17.325417257953745
17.820409704737926
20.055375600823993
16.720426489661975
17.545413900968924
19.760380102235445
19.245387960631717
17.8254096284428
17.75041077286943
18.105405355916673
19.475384451056698
20.23037293049515
17.115420462348368
17.795410086213508
18.070405889982453
19.690381170366948
20.060375524528865
22.145343709468193
22.050345159075277
18.57539818417638
18.750395513847536
18.830394293125778
18.24540321965361
18.40040085450522
17.475414969100484
16.535429312581073
17.015421988250523
18.635397268635074
15.640442969405683
18.490399481193208
18.21040375371939
16.28543312733649
18.3454016937514
19.77537987335012
20.215373159380476
17.780410315098834
15.790440680552365
14.840455176623209
13.8304705882353
15.390446784161156
16.580428625925038
19.06039078355076
18.05040619516285
15.545444419012767
13.175480582894636
14.055467154955352
12.060497596704067
12.745487144274023
13.630473640039668
13.620473792629866
11.755502250705717
11.555505302510085
11.84550087739376
9.625534752422368
14.410461738002596
16.475430228122377
17.440415503166207
17.41041596093686
15.555444266422512
14.625458457312902
14.070466926070026
18.180404211490043
17.705411459525465
16.830424811169564
16.185434653238758
14.380462195773248
11.27550957503621
10.920514991989023
10.250525215533685
10.180526283665245
9.710533455405482
9.585535362783219
11.295509269855813
11.460506752117169
16.100435950255587
14.090466620889629
14.500460364690639
13.67547295338369
14.860454871442755
16.04543678950182
15.740441443503471
16.950422980087012
15.205449607080197
9.810531929503327
10.215525749599465
10.65051911192495
14.715457084000946
12.850485542076797
9.325539330128947
9.535536125734382
9.425537804226792
10.800516823071689
12.310493781948594
12.375492790112162
9.995529106584286
8.120557717250335
11.595504692149234
10.730517891203135
11.930499580376932
10.83551628900591
9.495536736095175
9.705533531700667
8.595550469214913
10.205525902189663
10.165526512550514
9.735533073929957
9.00554421301598
8.080558327611243
8.045558861676966
11.175511100938422
10.360523537041274
11.125511863889528
10.645519188220078
8.390553597314408
9.055543450064874
8.66554940108341
11.84550087739376
9.240540627145833
12.735487296864278
10.445522240024445
10.120527199206549
7.68556435492485
5.935591058213163
7.395568780041231
5.140603189135561
2.7856391241321603
5.25560143434808
2.3956450751506964
2.3106463721675254
3.00063584344241
2.5156432440680305
3.0956343938353257
2.540642862592506
1.640656595712187
2.1556487373159143
2.4856437018386828
1.435659723811682
3.1956328679331705
2.9906359960326654
4.415614251926456
3.2956313420309584
1.8706530861371675
1.1006648355840412
3.0606349279011056
3.030635385671758
0.825669031815039
0.8656684214541883
0.0
0.0
0.0
0.0
0.0
0.0
0.0
0.0
0.0
0.0
0.35567620355533336
0.0
0.0
0.3856757457846811
0.0
1.080665140764495
0.9156676585030823
3.390629892423874
1.065665369649821
1.6806559853513363
0.0
0.0
0.0
0.0
0.0
0.0
0.0
0.0
0.0
0.0
0.0
0.0
0.0
0.0
0.0
0.0
0.0
0.0
2.2256476691844114
1.5206584267948529
0.6856711680781018
0.9856665903715225
0.0
0.0
0.0
0.1356795605401544
1.825653772793146
1.0506655985351472
1.2706622415503261
2.985636072327736
0.0
0.0
0.0
0.520673685816746
0.5906726176851862
0.6156722362096616
1.710655527580684
2.265647058823504
3.325630884260306
3.2306323338673906
3.6356261539635284
3.490628366521719
1.5606578164339453
0.5356734569314199
0.0
0.0
0.0
0.0
0.0
0.0
0.0
0.0
0.0
0.0
0.47567437247272437
0.0
0.0
0.0
0.0
0.0
0.0
0.0
0.0
0.0
0.0
0.0
0.31067689021131173
1.6706561379415348
0.0
0.0
0.0
0.0
1.0406657511253457
0.3406764324406595
2.575642328526726
0.9056678110932808
0.0
0.0
0.0
0.22567818722819766
0.7356704051269958
0.0
0.7306704814221234
0.6956710154879033
1.285662012665
2.6556411078049678
3.920621805142275
6.275585870145733
5.275601129167626
1.1206645304035874
1.6656562142366624
1.7006556801708825
0.0
0.7656699473563435
1.895652704661643
4.46561348897535
1.5856574349584207
0.4106753643091565
2.845638208590799
3.27063172350654
6.760578469520112
4.0806193636988155
2.3806453040360225
3.00063584344241
2.435644464789789
3.405629663538548
5.025604943923099
7.315570000762989
4.755609063859026
4.415614251926456
6.145587853818597
4.745609216449225
4.850607614251942
5.405599145494762
3.3156310368505615
2.560642557412052
4.970605783169276
7.295570305943386
9.280540016784926
7.375569085221628
5.505597619592606
9.26054032196538
12.160496070801855
12.410492256046382
12.145496299687181
9.945529869535335
10.965514305333045
8.260555580987273
7.7655631342030915
7.5955657282368065
7.195571831845598
6.915576104371723
7.785562829022695
7.835562066071589
7.045574120698859
6.430583504997344
7.270570687418967
9.290539864194727
9.505536583505034
11.030513313496613
9.405538109407189
9.5605357442588
8.125557640955208
8.415553215838884
6.275585870145733
2.7506396581978834
4.335615472648215
3.8706225680933812
0.995666437781324
2.4306445410849165
4.5556121156633935
4.785608606088374
9.745532921339759
8.395553521019337
7.280570534828712
5.330600289921449
4.570611886778067
8.430552986953558
10.91551506828415
9.645534447241971
12.225495078965423
14.435461356527071
12.290494087128991
13.140481116960416
17.035421683070126
17.620412756542294
13.890469672693996
8.070558480201441
11.92549965667206
15.790440680552365
18.77539513237201
19.010391546501864
21.08035996032652
17.055421377889672
13.460476234073383
11.230510261692189
12.56048996719312
15.400446631570901
20.370370794232088
16.840424658579423
13.805470969710825
14.145465781643395
16.025437094682218
14.895454337376975
15.680442359044775
13.815470817120627
12.21049530785075
9.67053406576639
12.625488975356689
11.855500724803505
12.540490272373518
11.765502098115519
12.21049530785075
12.810486152437647
13.750471808957059
16.285433127336546
15.770440985732819
14.090466620889629
10.285524681467905
10.705518272678717
14.250464179446112
15.690442206454577
15.950438239108905
16.395431448844136
15.47544548714427
16.320432593270766
15.490445258258944
16.345432211795185
16.07543633173117
13.90046952010374
13.990468146791784
14.430461432822142
18.220403601129135
16.845424582284295
17.055421377889672
19.36038620584418
17.53541405355918
19.255387808041462
21.54035294117648
16.950422980086955
12.795486381322974
13.800471046005953
14.17046540016787
15.400446631570901
18.360401464866072
16.93042328526741
15.840439917601316
17.580413366903144
15.300448157473113
13.120481422140813
12.915484550240308
12.375492790112162
14.285463645380332
17.815409781032997
17.78541023880365
20.390370489051634
22.340340733958953
22.06534493018995
17.670411993591244
13.140481116960416
12.845485618371868
13.79547112230108
16.93542320897228
18.925392843518694
18.715396047913316
17.13042023346304
19.005391622796935
20.510368657969025
20.18537361715113
17.675411917296117
14.65545799954225
15.990437628747998
16.615428091859258
17.810409857328125
18.145404745555823
15.610443427176335
16.545429159990874
16.15543511100941
14.295463492790134
12.89048493171589
11.87050049591818
11.910499885557329
10.605519798580872
12.270494392309445
14.255464103150985
16.31043274586102
15.935438467994231
14.640458228427576
12.630488899061618
11.230510261692189
11.590504768444362
9.195541313801812
12.045497825589393
13.035482719157699
12.855485465781612
13.085481956206593
18.880393530174672
19.450384832532222
19.090390325780106
13.670473029678817
6.48558266575111
4.140618448157454
3.425629358358151
5.505597619592606
6.150587777523469
8.130557564660137
6.7805781643396585
9.5605357442588
12.505490806439298
12.680488136110455
12.280494239719246
12.015498283360046
9.390538338292515
8.105557946135661
7.085573510338008
7.810562447547113
9.315539482719146
8.065558556496569
8.485552147707324
7.9905597009232
7.030574349584185
7.61556542305641
9.350538948653423
11.950499275196478
11.875500419623108
13.580474402990774
14.54545967803466
11.415507438773147
10.340523842221728
9.020543984130654
4.590611581597614
3.3106311131456323
2.5706424048218537
3.8756224917982536
2.695640497444117
5.725594262607785
5.960590676737638
6.920576028076596
8.350554207675316
8.835546807049695
7.485567406729217
7.5805659571221895
8.000559548332944
7.7155638971541975
8.650549629968737
7.005574731059767
7.34556954299228
5.985590295262057
5.570596627756174
6.010589913786532
6.210586861982165
6.8155776302739355
6.105588464179448
5.070604257267121
2.5656424811169813
2.1756484321355174
2.6006419470512014
1.5606578164339453
1.095664911879112
0.13067963683528205
0.0
0.0
0.0
0.0
0.0
0.0
1.6656562142366624
1.1106646829937858
1.385660486762788
2.100649576562148
4.16561806668193
3.030635385671758
0.0
0.0
0.0
2.93063691157397
2.2106478980697375
0.0
0.0
0.0
0.0
0.0
0.0
0.0
0.0
0.0
0.0
0.0
0.0
0.0
0.0
0.0
0.0
0.0
0.3606761272602057
0.0
1.7056556038758117
0.0
0.0
0.0
0.0
0.0
0.0
0.0
0.0
0.0
0.0
0.0
0.0
0.0
0.0
0.0
0.0
0.0
0.0
0.0
1.250662546730723
0.09568017090100511
1.385660486762788
2.205647974364865
4.39561455710691
2.0706500343328003
2.170648508430588
2.460644083314264
1.9956511787594309
1.9756514839398847
1.0306659037155441
2.5306430151827044
0.0
0.0
0.0
0.6056723887998601
0.8106692607003652
1.1056647592889135
2.085649805447474
3.100634317540255
5.855592278934921
3.1306338597696026
0.49067414358739825
0.8556685740443868
0.995666437781324
3.0606349279011056
4.5056128786144996
0.8056693369954928
0.690671091783031
2.1406489662012405
4.5556121156633935
4.355615167467761
3.64562600137333
4.185617761501476
6.810577706569006
4.070619516289014
5.765593652246878
5.750593881132204
4.12561867704278
2.9406367589837714
4.0106204318303185
5.300600747692101
4.735609369039423
6.00558999008166
3.6206263828488545
2.3606456092164194
0.0
2.3756453803310933
4.930606393530184
5.310600595101846
7.780562905317765
5.7105944914931115
2.5856421759365276
0.0
0.0
0.0
0.0
0.0
0.0
1.065665369649821
2.6556411078049678
3.7556243228809194
0.8706683451590607
0.0
0.0
0.0
1.1206645304035874
1.6806559853513363
2.340645914396873
3.835623102159161
3.015635614557084
2.5306430151827044
1.4806590371557036
3.0956343938353257
1.6806559853513363
0.0
0.13067963683528205
3.8406230258640335
4.390614633401981
3.6856253910124224
4.870607309071488
6.965575341420617
7.395568780041231
7.995559624628072
6.5755812924391535
8.18055680170903
6.430583504997344
4.750609140154097
4.39561455710691
4.920606546120382
7.110573128862427
9.515536430914779
11.645503929198128
13.570474555580972
14.180465247577615
11.72550270847637
9.88553078507664
13.770471503776605
12.990483405813677
9.440537575341466
7.910560921644958
8.260555580987273
7.740563515678673
8.36055405508506
10.300524452582579
9.780532387273979
14.745456626230236
13.355477836270666
14.505460288395511
11.285509422446012
7.8855613031204825
6.48558266575111
4.955606012054659
4.035620050354794
7.9355605401693765
9.370538643472969
10.105527428091875
7.2205714503700165
5.625595788509941
7.175572137026052
9.500536659800105
9.045543602655073
11.630504158083454
12.92548439765011
17.155419851987517
19.540383459220266
19.870378423743034
19.145389486533873
16.800425268940273
12.745487144274023
11.850500801098633
12.13549645227738
17.39041626611737
18.330401922636725
19.580382848859358
15.450445868619852
9.155541924162662
6.495582513160912
9.950529793240264
13.090481879911522
15.905438925764884
15.73044159609367
13.060482337682174
10.285524681467962
12.765486839093626
13.320478370336446
11.76050217441059
14.110466315709175
14.905454184786777
17.52041428244445
15.910438849469756
16.73542626077665
18.830394293125778
18.250403143358483
17.535414053559123
20.615367055771685
21.010361028458078
18.255403067063355
12.865485313191414
13.775471427481477
14.210464789806963
16.0004374761578
14.220464637216764
13.145481040665288
16.570428778515293
19.33038666361483
16.48543007553218
14.320463111314552
16.19043457694363
16.540429236285945
18.740395666437735
18.815394522011104
19.905377889677254
17.68041184100099
15.775440909437691
16.92542336156248
16.45543053330283
15.275448538948638
17.20541908903641
17.580413366903144
15.51544487678342
15.675442435339903
14.445461203936816
14.830455329213407
15.800440527962166
16.275433279926744
18.21040375371939
18.795394827191558
18.09540550850687
17.390416266117313
16.45543053330283
16.5204295414664
16.135435416189807
16.985422446021175
17.65041229877164
16.45543053330283
14.020467689021132
13.475476005188057
16.10543587396046
18.51039917601281
19.575382925154486
19.430385137712676
16.29043305104142
15.795440604257294
18.99039185168226
22.945331502250724
23.63032104982068
25.740288853284483
25.875286793316548
26.025284504463286
24.23531181811245
18.370401312275874
17.430415655756462
19.005391622796935
20.180373693446256
19.06539070725563
18.24540321965361
17.87040894178682
14.83545525291828
18.655396963454677
16.85542442969404
17.260418249790177
17.325417257953802
18.14040482185095
15.365447165636681
16.92542336156248
17.435415579461335
20.285372091248917
25.24029648279543
27.040269016556067
23.46032364385445
18.92039291981382
14.295463492790134
15.28544838635844
16.14543526359961
15.390446784161156
14.17046540016787
14.855454947737826
15.62044327458608
14.370462348363446
12.955483939879457
13.22547981994353
15.875439383535536
14.155465629053197
13.985468223086912
14.505460288395511
14.430461432822142
13.060482337682174
15.700442053864379
19.455384756237095
20.780364538033098
17.440415503166207
19.530383611810464
18.665396810864422
18.180404211490043
18.06540596627758
15.155450370031303
15.865439536125734
15.855439688715933
14.880454566262301
12.290494087128991
8.460552529182905
9.880530861371824
11.565505149919886
13.90546944380867
13.440476539253837
17.08042099641409
17.920408178835714
17.42041580834666
16.215434195468106
14.070466926070026
14.095466544594501
13.895469596398868
14.090466620889629
12.845485618371868
10.790516975661887
8.310554818036167
6.280585793850605
7.115573052567356
8.780547646295872
6.280585793850605
6.880576638437503
7.520566872663494
9.065543297474676
8.420553139543756
10.825516441596108
8.240555886167726
8.530551461051346
9.505536583505034
9.15054200045779
2.4006449988555687
1.385660486762788
0.0
0.46567452506292284
0.0
0.0
0.0
1.455659418631285
2.93063691157397
4.140618448157454
2.370645456626221
5.070604257267121
1.66065629053179
2.5706424048218537
1.8056540779735997
1.640656595712187
2.460644083314264
2.3656455329213486
2.390645151445767
2.1406489662012405
0.12067978942548052
0.21067841611352378
0.45567467765317815
0.29567711909663785
2.050650339513254
1.2206630045013753
1.4756591134508312
3.135633783474475
0.3456763561455318
1.5606578164339453
6.650580148012523
3.9306216525520767
1.9106524757763168
3.0456351567864317
1.080665140764495
0.4356749828335751
0.0
0.0
0.0
0.0
0.08568032349126042
0.620672159914534
0.0
0.0
0.0
0.0
0.0
0.0
0.0
1.4656592660410297
0.0
0.0
0.2706775005722193
0.0
0.45067475394824896
0.0
0.0
0.30067704280156704
1.0206660563057994
0.0
0.0
0.0
0.0
0.015681391622763385
0.0
0.0
1.2706622415503261
3.565627222095088
4.030620126649865
2.7856391241321603
6.375584344243521
6.850577096208156
7.105573205157555
4.940606240939985
2.850638132295728
0.1706790264743745
0.2906771953917655
0.0
0.0
0.0
0.0
0.0
0.0
0.0
0.0
0.7506701762416697
1.5606578164339453
3.4656287479972434
0.0
0.2656775768672901
1.8456534676126921
1.5156585030899237
2.150648813611042
0.94566720073243
3.290631418326086
3.6906253147173516
3.6006266880293083
1.4006602578774618
3.3506305027847816
1.200663309681829
1.6806559853513363
0.4106753643091565
1.2456626230258507
0.0
1.3106616311894186
0.0
2.030650644693651
1.945651941710537
5.36059983215074
5.725594262607785
3.630626230258656
3.030635385671758
2.3456458381017455
2.25064728770883
0.3306765850309148
2.7556395819028126
4.160618142977057
0.9356673533226285
2.4656440070191366
1.9506518654154092
1.3056617074845462
1.285662012665
0.0
0.0
0.0
0.825669031815039
1.5656577401388745
1.8356536202029474
0.0
0.0
0.0
0.43067505912870274
2.320646219577327
0.0
2.305646448462653
2.62564156557562
2.980636148622864
4.810608224612793
2.8256385137712527
4.645610742351437
3.630626230258656
5.650595407034416
6.025589684901206
6.990574959945093
5.415598992904563
7.16557228961625
7.8855613031204825
6.22058670939191
3.105634241245127
3.0756346990157795
5.680594949263764
4.690610055695458
4.370614938582435
5.775593499656679
6.38058426794845
7.34556954299228
8.300554970626422
7.900561074235156
6.635580376897849
4.930606393530184
7.265570763714038
9.240540627145833
10.675518730449369
11.270509651331338
9.000544289311051
8.385553673609536
7.545566491187913
6.550581673914735
5.435598687724109
4.060619668879212
0.0
5.460598306248585
9.430537727931608
11.820501258869285
11.660503700312802
9.720533302815284
9.52053635461965
13.945468833447762
15.62544319829101
13.805470969710825
11.105512169069925
9.265540245670252
12.495490959029496
14.595458915083555
14.430461432822142
13.415476920729361
15.340447547112262
12.55049011978332
10.68551857785917
9.210541084916429
10.410522774090168
9.22554085603116
10.090527656977201
9.070543221179491
5.315600518806775
7.500567177843891
6.495582513160912
8.615550164034516
11.515505912870992
12.450491645685531
12.515490653849099
11.230510261692189
12.940484168764783
12.985483482108805
16.095436026550658
20.660366369115707
19.830379034103885
15.975437857633324
15.150450446326374
17.115420462348368
13.740471961547257
13.660473182269016
11.045513084611287
8.205556420233506
6.440583352407145
7.425568322270578
9.000544289311051
14.340462806134155
13.955468680857564
13.085481956206593
13.53047516594188
18.17040436408024
22.295341420614932
23.6753203631647
21.300356603341697
17.915408255130842
16.270433356221872
13.070482185091919
13.430476691844035
13.650473334859214
15.535444571602966
18.855393911650253
18.250403143358483
16.955422903791828
17.170419623102134
16.130435492484935
14.535459830624859
16.020437170977345
16.44543068589303
16.355432059204986
15.860439612420805
14.915454032196521
15.9204386968795
17.765410543984103
21.295356679636825
23.690320134279375
22.830333257038205
16.06543648432131
14.175465323872743
14.285463645380332
13.285478904402225
13.430476691844035
16.90042374303806
17.600413061722747
18.92039291981382
16.2554335851072
15.400446631570901
14.915454032196521
17.220418860151028
18.965392233157843
18.1004054322118
16.320432593270766
17.115420462348368
20.440369726100528
20.67536614023038
21.965346456092163
17.995407034409084
17.125420309758113
15.665442587930102
17.42041580834666
15.955438162813778
13.53047516594188
17.700411535820535
18.010406805523758
15.88543923094528
16.100435950255587
18.625397421225273
20.670366216525508
19.170389105058348
17.030421759365254
19.680381322957203
21.590352178225373
19.860378576333233
16.935423208972338
15.540444495307838
17.38041641870757
15.360447241931809
11.980498817425769
12.33049347676814
12.570489814602865
11.855500724803505
13.075482108796848
15.305448081177985
19.345386434729505
18.325401998931852
20.315371633478264
19.270387579156136
16.055436636911566
12.490491035324624
11.235510185397118
12.865485313191414
15.390446784161156
16.315432669565837
19.1503894102388
21.515353322652004
24.00531532768747
21.095359731441192
16.735426260776705
15.445445944914923
17.23541863126576
18.935392690928552
18.99039185168226
16.100435950255587
11.620504310673653
12.13549645227738
10.520521095597758
11.155511406118876
15.465445639734526
16.725426413366904
16.31043274586102
17.540413977264052
16.270433356221872
14.65545799954225
11.660503700312802
10.245525291828812
9.45553734645614
