21.229676050965132
21.169676966506444
21.109677882047762
21.089678187228202
21.12967757686732
21.67966918440528
22.699653620202945
22.519656366826887
32.36950606546121
31.96951216906996
30.529534142061493
29.679547112230107
28.85955962462806
28.329567711909668
27.919573968108644
27.59957885099565
27.419581597619594
27.129586022735943
27.039587396047914
26.91958922713054
26.849590295262075
28.009572594796673
28.399566643778137
28.219569390402075
28.26956862745098
28.869559472037842
29.50954970626383
28.749561303120473
28.379566948958573
28.06957167925536
27.78957595178149
27.559579461356524
27.249584191653316
26.98958815899901
26.739591973754482
26.52959517814908
26.329598229953458
26.11960143434806
25.939604180972
25.759606927595943
25.55960997940032
25.329613488975355
25.17961577782864
25.009618371862363
24.85962066071565
24.73962249179828
24.609624475471122
24.489626306553752
24.37962798504616
24.29962920576791
24.239630121309226
24.169631189440757
24.10963210498207
24.059632867933164
23.9896339360647
23.90963515678645
23.8296363775082
26.0996017395285
28.17957000076295
30.799530022125584
31.909513084611277
32.009511558709086
33.12949446860456
33.02949599450675
31.799514763103684
31.099525444419015
30.30953749904631
30.269538109407186
30.129540245670253
30.039541618982227
29.759545891508356
31.169524376287484
32.56950301365683
33.33949126420997
33.729485313191425
33.519488517586026
34.0594802777142
34.589472190432595
33.739485160601205
35.01946562905318
37.139433279926756
35.509458152132446
35.09946440833143
34.599472037842375
34.17947844663157
33.44948958571756
32.64950179293507
32.26950759136339
31.839514152742808
31.519519035629816
31.20952376592661
30.879528801403833
30.569533531700618
30.239538567177842
30.049541466392007
33.87948302433814
36.08944930189975
34.65947112230106
33.85948332951858
33.27949217975128
32.849498741130695
32.4795043869688
32.20950850690471
31.799514763103684
31.409520714122223
31.269522850385293
32.42950514991989
32.899497978179596
32.37950591287099
31.789514915693903
31.289522545204854
30.269538109407186
30.429535667963684
29.98954238193332
29.569548790722514
29.169554894331274
28.829560082398718
28.55956420233463
28.399566643778137
28.33956755931945
28.24956893263142
27.829575341420615
27.609578698405432
27.28958358129244
26.949588769359885
26.61959380483711
26.389597314412146
25.94960402838178
25.589609521629665
25.26961440451667
24.919619745174337
24.46962661173419
24.119631952391853
23.83963622491798
23.59963988708324
23.39964293888762
23.199645990691998
22.93964995803769
22.64965438315404
22.409658045319294
22.209661097123675
21.949665064469368
21.659669489585717
21.449672693980315
21.47967223620966
22.019663996337837
22.13966216525521
20.679684443427178
20.349689478904402
20.02969436179141
19.819697566186008
20.779682917524987
19.369704432745863
19.06970901045243
18.769713588159
18.47971801327535
18.229721828030826
18.049724574654764
17.849727626459146
17.6097312886244
17.379734798199436
17.14973830777447
16.91974181734951
16.679745479514764
16.45974883649958
16.25975188830396
16.0797546349279
15.909757228961624
15.739759822995346
15.559762569619288
15.369765468833448
15.19976806286717
15.019770809491114
14.839773556115054
14.669776150148776
14.51977843900206
14.399780270084689
14.259782406347753
14.139784237430382
14.019786068513008
13.889788052185855
13.7597900358587
13.64979171435111
13.549793240253301
13.44979476615549
13.379795834287023
13.299797055008774
13.229798123140306
13.139799496452277
13.05980071717403
12.999801632715345
12.939802548256658
12.879803463797971
12.839804074158847
12.799804684519723
12.76980514229038
12.729805752651256
12.689806363012131
12.659806820782787
12.629807278553445
12.5998077363241
12.579808041504538
12.549808499275196
12.519808957045854
12.499809262226291
12.479809567406729
12.459809872587169
12.439810177767606
12.419810482948044
12.399810788128482
12.389810940718702
12.36981124589914
12.359811398489358
12.349811551079577
12.339811703669795
12.319812008850233
12.309812161440453
12.299812314030671
12.28981246662089
12.279812619211109
12.259812924391547
12.259812924391547
12.249813076981766
12.239813229571984
12.239813229571984
12.229813382162204
12.229813382162204
12.219813534752422
12.219813534752422
12.209813687342642
12.19981383993286
12.19981383993286
12.19981383993286
12.18981399252308
12.18981399252308
12.179814145113298
12.179814145113298
12.179814145113298
12.169814297703518
12.169814297703518
12.169814297703518
12.169814297703518
12.159814450293737
12.159814450293737
12.159814450293737
12.159814450293737
12.149814602883955
12.149814602883955
12.149814602883955
12.139814755474175
12.139814755474175
12.139814755474175
12.139814755474175
12.139814755474175
12.139814755474175
12.139814755474175
12.129814908064393
12.129814908064393
12.119815060654613
12.119815060654613
12.119815060654613
12.119815060654613
12.119815060654613
12.119815060654613
12.119815060654613
12.119815060654613
12.109815213244831
12.109815213244831
12.109815213244831
12.109815213244831
12.109815213244831
12.109815213244831
12.109815213244831
12.109815213244831
12.109815213244831
12.129814908064393
15.489763637750821
17.19973754482338
17.48973311970703
17.51973266193637
17.479733272297246
14.169783779659724
17.40973434042878
17.379734798199436
17.339735408560312
17.299736018921188
17.249736781872283
17.19973754482338
17.159738155184254
17.109738918135346
17.069739528496225
17.0297401388571
16.989740749217976
16.899742122529947
16.819743343251698
16.73974456397345
16.669745632104984
16.599746700236516
16.519747920958267
16.449748989089798
16.389749904631113
16.33975066758221
16.289751430533304
16.219752498664835
16.15975341420615
16.109754177157246
16.039755245288777
15.97975616083009
15.919757076371404
15.8697578393225
15.809758754863813
15.759759517814908
15.719760128175784
15.679760738536661
15.639761348897537
15.599761959258412
15.56976241702907
15.539762874799726
15.519763179980163
15.489763637750821
15.449764248111697
15.419764705882354
15.399765011062792
15.369765468833448
15.38976516365301
17.13973846036469
20.389688868543526
22.619654840924696
23.649639124132147
23.749637598229953
24.029633325703823
26.399597161821927
32.20950850690471
32.1595092698558
30.629532616159306
30.69953154802777
29.389551537346456
28.839559929808498
28.659562676432444
28.52956466010529
28.17957000076295
27.5195800717174
27.589579003585868
27.449581139848938
27.5195800717174
27.35958251316091
26.739591973754482
26.939588921950104
26.97958831158923
27.549579613946744
31.679516594186314
31.22952346074617
30.459535210193025
29.95954283970398
30.159539787899593
30.21953887235828
29.88954390783551
29.40955123216602
30.139540093080033
29.949542992294198
29.569548790722514
29.89954375524529
28.879559319447623
28.61956328679332
28.409566491187917
28.209569542992295
28.039572137026017
27.919573968108644
27.80957564660105
27.77957610437171
29.629547875181203
34.77946929121843
34.01948088807507
35.30946120393683
34.54947280079347
33.90948256656748
34.82946852826734
34.25947722590982
33.719485465781645
35.589456931410695
39.00940474555581
39.96939009689479
37.539427176318
36.87943724727245
36.71943968871595
36.229447165636685
36.109448996719316
35.23946227206836
35.0094657816434
34.77946929121843
34.529473105973906
34.509473411154346
34.25947722590982
34.15947875181201
34.04948043030441
34.06948012512398
34.00948104066529
38.15941771572442
38.44941329060807
37.899421683070116
37.149433127336536
36.77943877317464
36.75943907835508
36.45944365606165
36.97943572137026
37.47942809185931
37.109433737697415
36.84943770504311
39.659394827191576
40.87937621118486
39.4393981841764
39.03940428778515
38.919406118867784
38.78940810254063
38.109418478675515
37.77942351415274
37.749423971923406
37.539427176318
37.06943434805829
36.84943770504311
37.139433279926756
41.07937315938049
42.089357747768375
40.14938735027085
39.29940032043946
40.31938475623712
39.91939085984588
39.42939833676661
39.20940169375143
40.54938124666209
39.619395437552456
38.819407644769974
38.67940978103304
39.17940215152208
38.62941054398413
37.93942107270924
37.079434195468075
36.81943816281376
36.47944335088121
36.18944777599756
35.91945189593347
35.6394561684596
35.389459983215076
35.91945189593347
36.239447013046465
36.199447623407345
38.36941451132982
37.979420462348365
37.62942580300603
38.29941557946136
37.79942320897231
37.159432974746316
37.3294303807126
36.84943770504311
36.339445487144275
36.02945021744107
36.219447318226905
36.17944792858778
36.149448386358436
36.05944975967041
36.249446860456246
36.09944914930953
35.849452964065
35.519457999542226
34.87946776531624
34.36947554741741
33.8994827191577
33.4794891279469
33.17949370565347
32.879498283360036
33.53948821240559
33.48948897535668
32.899497978179596
32.46950453955902
32.099510185397115
31.849514000152592
31.389521019302663
30.879528801403833
30.449535362783244
30.029541771572443
29.58954848554208
29.22955397878996
28.799560540169377
28.489565270466166
28.15957030594339
27.87957457846952
27.509580224307626
27.139585870145726
26.779591363393607
26.42959670405127
26.159600823987184
25.959603875791565
25.71960753795682
25.449611657892728
25.119616693369952
24.73962249179828
24.439627069504844
24.149631494621193
23.859635919737542
23.739637750820172
26.98958815899901
28.679562371252004
29.769545738918136
32.59950255588617
32.56950301365683
31.419520561532003
29.80954512855726
30.39953612573434
29.639547722590983
29.739546196688792
30.989527122911422
30.819529716945144
29.4195510795758
28.909558861676967
28.359567254139012
27.849575036240175
27.919573968108644
26.859590142671856
26.379597467002363
25.939604180972
25.509610742351416
25.059617608911267
24.599624628061342
24.159631342030977
23.669638818951707
23.229645532921342
22.799652094300754
22.389658350499737
21.989664454108492
21.619670099946593
21.289675135423817
20.96968001831083
20.629685206378273
20.259690852216373
19.889696498054477
19.529701991302357
19.209706874189365
18.84971236743725
18.509717555504693
18.1897224383917
17.88972701609827
17.58973159380484
17.359735103379872
17.13973846036469
16.879742427710386
16.62974624246586
16.36975020981155
16.139753719386587
15.919757076371404
15.709760280766002
15.489763637750821
15.289766689555199
15.089769741359579
14.939772030212865
14.809774013885711
14.699775692378118
14.549777981231403
14.389780422674908
14.239782711528193
14.089785000381475
13.949787136644542
13.809789272907606
13.689791103990235
13.569792935072863
13.469794460975052
13.379795834287023
13.289797207598992
13.229798123140306
13.159799191271839
13.099800106813154
13.029801174944687
12.979801937895783
12.929802700846876
12.879803463797971
12.839804074158847
12.799804684519723
12.759805294880598
12.729805752651256
12.699806210421912
12.659806820782787
12.629807278553445
12.5998077363241
12.579808041504538
12.549808499275196
12.529808804455634
12.519808957045854
12.499809262226291
12.48980941481651
12.469809719996949
12.449810025177387
12.429810330357824
12.409810635538264
12.399810788128482
12.37981109330892
12.36981124589914
12.359811398489358
12.349811551079577
12.339811703669795
12.329811856260015
12.319812008850233
12.309812161440453
12.299812314030671
12.299812314030671
12.28981246662089
12.279812619211109
12.269812771801329
12.269812771801329
12.259812924391547
12.249813076981766
12.239813229571984
12.239813229571984
12.239813229571984
12.229813382162204
12.229813382162204
12.229813382162204
12.219813534752422
12.209813687342642
12.209813687342642
12.209813687342642
12.209813687342642
12.19981383993286
12.19981383993286
12.18981399252308
12.18981399252308
12.18981399252308
12.18981399252308
12.18981399252308
12.18981399252308
12.18981399252308
12.18981399252308
12.18981399252308
12.179814145113298
12.179814145113298
12.179814145113298
12.179814145113298
12.179814145113298
12.179814145113298
12.179814145113298
12.179814145113298
12.179814145113298
12.179814145113298
12.179814145113298
12.179814145113298
12.179814145113298
12.169814297703518
12.169814297703518
12.169814297703518
12.169814297703518
12.169814297703518
12.169814297703518
12.169814297703518
12.169814297703518
12.169814297703518
12.169814297703518
12.169814297703518
12.159814450293737
12.159814450293737
12.159814450293737
12.159814450293737
12.159814450293737
12.159814450293737
12.159814450293737
12.159814450293737
12.159814450293737
12.159814450293737
12.159814450293737
12.159814450293737
12.159814450293737
12.159814450293737
12.159814450293737
12.149814602883955
12.149814602883955
12.149814602883955
12.149814602883955
12.139814755474175
12.139814755474175
12.139814755474175
12.139814755474175
12.139814755474175
12.139814755474175
12.139814755474175
12.139814755474175
12.139814755474175
12.139814755474175
12.139814755474175
12.139814755474175
12.139814755474175
12.139814755474175
12.139814755474175
12.139814755474175
12.149814602883955
12.139814755474175
12.149814602883955
12.149814602883955
12.149814602883955
12.709806057831694
16.55974731059739
20.78968276493477
21.969664759288932
29.289553063248647
33.679486076142524
30.989527122911422
30.95952758068208
31.95951232166018
30.66953200579843
32.46950453955902
33.33949126420997
33.22949294270237
32.33950652323186
32.4795043869688
33.01949614709697
31.699516289005874
32.81949919890135
32.42950514991989
32.059510795757994
31.719515983825435
31.93951262684062
33.34949111161975
33.069495384145874
32.7395004196231
32.71950072480354
32.979496757457845
32.74950026703288
32.70950087739376
33.18949355306325
32.69950102998398
32.45950469214924
32.30950698100252
35.94945143816282
34.619471732661935
34.00948104066529
32.77949980926223
32.54950331883727
32.40950545510033
32.35950621805142
32.169509117265584
32.11950988021668
32.63950194552529
33.13949431601434
33.519488517586026
33.17949370565347
32.109510032806895
32.879498283360036
32.82949904631113
32.63950194552529
33.23949279011215
34.27947692072938
34.0594802777142
33.65948638132296
33.41949004348821
33.43948973830778
34.1094795147631
33.739485160601205
33.639486686503396
33.739485160601205
34.45947417410544
34.23947753109026
34.01948088807507
33.789484397650114
33.44948958571756
33.20949324788281
32.71950072480354
32.81949919890135
32.46950453955902
32.089510337987335
31.74951552605478
31.549518577859157
31.439520256351567
31.359521477073322
31.189524071107044
30.83952941176471
30.519534294651713
30.249538414587622
30.049541466392007
29.87954406042573
29.759545891508356
29.659547417410547
29.549549095902954
29.359551995117112
29.199554436560618
29.05955657282368
28.909558861676967
28.749561303120473
28.60956343938354
28.509564965285726
28.319567864499888
28.139570611123826
27.979573052567332
27.829575341420615
27.679577630273897
27.529579919127183
27.399581902800033
27.119586175326162
26.82959060044251
26.62959365224689
26.42959670405127
26.319598382543678
26.479595941100175
26.559594720378424
26.45959624628061
26.279598992904553
26.079602044708935
25.33961333638514
25.149616235599296
25.17961577782864
25.849605554283972
27.08958663309682
29.359551995117112
30.09954070344091
29.829544823376825
29.459550469214925
29.05955657282368
26.379597467002363
26.309598535133897
26.289598840314333
26.43959655146105
27.409581750209814
28.789560692759597
30.199539177538718
30.809529869535364
30.29953765163653
29.829544823376825
26.079602044708935
25.779606622415503
25.5696098268101
26.259599298084993
27.449581139848938
30.7895301747158
30.579533379110398
30.069541161211568
29.669547264820327
29.359551995117112
26.719592278934922
26.44959639887083
26.10960158693828
25.73960723277638
25.419612115663387
27.069586938277258
26.799591058213167
26.53959502555886
26.299598687724114
26.069602197299155
23.449642175936525
23.10964736400397
22.6696540779736
22.259660334172583
21.899665827420463
23.979634088654915
23.639639276722363
23.269644922560467
22.929650110627907
22.56965560387579
19.94969558251316
19.709699244678415
19.429703517204548
19.139707942320896
18.829712672617685
20.57968596932937
20.22969130998703
19.899696345464257
19.56970138094148
19.319705195696958
17.359735103379872
17.249736781872283
17.179737850003814
17.13973846036469
16.999740596627756
18.529717250324254
18.48971786068513
18.86971206225681
19.129708094911116
19.089708705271992
16.449748989089798
16.289751430533304
16.099754329747462
15.909757228961624
15.719760128175784
17.61973113603418
17.359735103379872
17.109738918135346
16.93974151216907
16.92974166475929
15.009770962081332
14.919772335393302
14.789774319066149
14.659776302738994
14.539778133821622
15.589762111848632
15.459764095521479
15.339765926604105
15.169768520637827
14.999771114671551
13.93978728923476
13.839788815136949
13.769789883268482
13.689791103990235
13.599792477302206
14.209783169298849
14.089785000381475
13.969786831464104
13.839788815136949
13.719790646219579
13.109799954222936
13.029801174944687
12.95980224307622
12.899803158617534
12.839804074158847
13.149799343862057
13.079800411993592
13.019801327534907
12.95980224307622
12.889803311207752
12.58980788891432
12.559808346684976
12.529808804455634
12.499809262226291
12.469809719996949
12.58980788891432
12.559808346684976
12.519808957045854
12.48980941481651
12.459809872587169
12.329811856260015
12.309812161440453
12.299812314030671
12.279812619211109
12.269812771801329
12.339811703669795
12.319812008850233
12.309812161440453
12.28981246662089
12.279812619211109
12.209813687342642
12.209813687342642
12.19981383993286
12.18981399252308
12.18981399252308
12.229813382162204
12.219813534752422
12.209813687342642
12.19981383993286
12.19981383993286
12.149814602883955
12.149814602883955
12.149814602883955
12.139814755474175
12.139814755474175
12.169814297703518
12.159814450293737
12.159814450293737
12.149814602883955
12.149814602883955
12.119815060654613
12.109815213244831
12.109815213244831
12.109815213244831
12.109815213244831
12.129814908064393
12.129814908064393
12.119815060654613
12.119815060654613
12.119815060654613
12.089815518425269
12.089815518425269
12.089815518425269
12.089815518425269
12.089815518425269
12.109815213244831
12.109815213244831
12.109815213244831
12.09981536583505
12.089815518425269
12.079815671015488
12.079815671015488
12.079815671015488
12.079815671015488
12.079815671015488
12.089815518425269
12.089815518425269
12.079815671015488
12.079815671015488
12.079815671015488
12.069815823605706
12.069815823605706
12.069815823605706
12.069815823605706
12.069815823605706
12.079815671015488
12.079815671015488
12.069815823605706
12.069815823605706
12.069815823605706
12.049816128786144
12.049816128786144
12.049816128786144
12.049816128786144
12.049816128786144
12.069815823605706
12.069815823605706
12.069815823605706
12.069815823605706
12.069815823605706
12.049816128786144
12.049816128786144
12.039816281376364
12.039816281376364
12.039816281376364
12.049816128786144
12.049816128786144
12.049816128786144
12.049816128786144
12.049816128786144
12.039816281376364
12.039816281376364
12.039816281376364
12.039816281376364
12.039816281376364
12.049816128786144
12.049816128786144
12.049816128786144
12.049816128786144
12.039816281376364
12.039816281376364
12.039816281376364
12.039816281376364
12.029816433966582
12.029816433966582
12.039816281376364
12.039816281376364
12.039816281376364
12.039816281376364
12.039816281376364
12.029816433966582
12.029816433966582
12.029816433966582
12.029816433966582
12.029816433966582
12.039816281376364
12.039816281376364
12.039816281376364
12.039816281376364
12.039816281376364
12.029816433966582
12.049816128786144
12.049816128786144
12.079815671015488
12.09981536583505
12.039816281376364
12.059815976195926
12.079815671015488
12.09981536583505
12.139814755474175
13.509793850614177
13.839788815136949
14.009786221103226
14.079785152971695
14.11978454261082
14.419779964904249
14.449779507133591
14.479779049362936
14.489778896772716
14.499778744182498
14.21978301670863
14.21978301670863
14.22978286411841
14.22978286411841
14.22978286411841
14.499778744182498
14.489778896772716
14.489778896772716
14.489778896772716
14.479779049362936
14.21978301670863
14.21978301670863
14.21978301670863
14.209783169298849
14.21978301670863
14.879772945754178
17.12973861295491
17.689730067902648
17.91972655832761
19.029709620813307
19.33970489051652
19.56970138094148
19.689699549858855
19.74969863431754
19.779698176546884
19.1897071793698
19.1897071793698
19.17970733196002
19.209706874189365
19.23970641641871
20.22969130998703
20.32968978408484
20.359689326314182
20.379689021133746
20.379689021133746
19.399703974975207
19.399703974975207
19.789698023956664
21.359674067292286
21.719668574044405
21.149677271686883
22.089662928206305
22.299659723811708
22.349658960860612
22.32965926604105
21.86966628519112
22.23966063935302
22.16966170748455
22.07966308079652
21.989664454108492
21.86966628519112
21.75966796368353
21.629669947356373
21.509671778439003
21.40967330434119
21.31967467765316
22.099662775616085
25.529610437170977
26.039602655069814
27.29958342870222
24.789621728847184
31.199523918516824
31.519519035629816
30.989527122911422
29.829544823376825
28.45956572823682
28.61956328679332
28.579563897154195
28.08957137407492
27.549579613946744
27.019587701228353
26.659593194476233
26.329598229953458
26.059602349889374
25.809606164644848
25.619609063859006
26.929589074540324
27.28958358129244
27.129586022735943
27.029587548638133
26.20960006103609
26.769591515983826
26.52959517814908
26.24959945067521
26.08960189211872
25.769606775005723
25.54961013199054
25.24961470969711
24.83962096589609
24.499626153963533
24.259629816128786
23.9896339360647
23.72963790341039
23.48964156557565
23.239645380331122
22.989649195086596
22.73965300984207
22.539656061646447
22.349658960860612
22.199661249713895
22.009664148928056
21.8796661326009
22.419657892729074
25.70960769054704
26.409597009231707
23.12964705882353
26.049602502479594
25.879605096513316
26.169600671396967
25.979603570611125
25.309613794155794
27.649578088044557
27.989572899977112
27.659577935454337
27.2595840390631
26.229599755855652
26.169600671396967
25.669608300907914
25.319613641565574
24.809621423666744
24.349628442816815
23.91963500419623
23.449642175936525
22.929650110627907
22.509656519417103
22.06966323338674
21.639669794766156
21.2996749828336
21.039678950179297
20.79968261234455
20.49968719005112
20.20969161516747
19.919696040283817
19.629700465400166
19.32970504310674
18.989710231174183
18.659715266651407
18.37971953917754
18.099723811703672
17.82972793163958
17.529732509346154
17.19973754482338
16.91974181734951
16.669745632104984
16.489748378728923
16.269751735713744
16.099754329747462
15.959756466010528
15.87975768673228
15.849758144502937
15.769759365224688
15.56976241702907
15.38976516365301
15.209767910276952
15.059770199130234
14.999771114671551
14.779774471656367
14.629776760509651
14.479779049362936
14.349781033035784
14.239782711528193
14.1297843900206
14.029785915922789
13.919787594415197
13.819789120317386
13.719790646219579
13.62979201953155
13.549793240253301
13.489794155794614
13.439794918745708
13.389795681696803
13.329796597238117
13.279797360189212
13.229798123140306
13.189798733501181
13.139799496452277
13.099800106813154
13.04980086976425
12.999801632715345
12.949802395666438
12.899803158617534
12.85980376897841
12.809804531929503
12.76980514229038
12.719805905241474
12.67980651560235
12.649806973373007
12.619807431143663
12.58980788891432
12.559808346684976
12.529808804455634
12.509809109636072
12.48980941481651
12.469809719996949
12.449810025177387
12.439810177767606
12.419810482948044
12.399810788128482
12.37981109330892
12.36981124589914
12.349811551079577
12.329811856260015
12.309812161440453
12.299812314030671
12.28981246662089
12.279812619211109
12.259812924391547
12.249813076981766
12.239813229571984
12.229813382162204
12.219813534752422
12.209813687342642
12.19981383993286
12.18981399252308
12.18981399252308
12.179814145113298
12.169814297703518
12.169814297703518
12.159814450293737
12.149814602883955
12.149814602883955
12.139814755474175
12.129814908064393
12.129814908064393
12.129814908064393
12.129814908064393
12.119815060654613
12.119815060654613
12.109815213244831
12.109815213244831
12.109815213244831
12.09981536583505
12.09981536583505
12.09981536583505
12.09981536583505
12.089815518425269
12.089815518425269
12.089815518425269
12.089815518425269
12.079815671015488
12.079815671015488
12.079815671015488
12.079815671015488
12.069815823605706
12.069815823605706
12.069815823605706
12.069815823605706
12.069815823605706
12.069815823605706
12.069815823605706
12.069815823605706
12.059815976195926
12.059815976195926
12.059815976195926
12.059815976195926
12.059815976195926
12.059815976195926
12.059815976195926
12.059815976195926
12.059815976195926
12.049816128786144
12.049816128786144
12.049816128786144
12.049816128786144
12.039816281376364
12.039816281376364
12.039816281376364
12.039816281376364
12.039816281376364
12.039816281376364
12.039816281376364
12.039816281376364
12.039816281376364
12.029816433966582
12.029816433966582
12.029816433966582
12.029816433966582
12.029816433966582
12.029816433966582
12.029816433966582
12.029816433966582
12.029816433966582
12.029816433966582
12.029816433966582
12.029816433966582
12.029816433966582
12.029816433966582
12.029816433966582
12.019816586556802
12.019816586556802
12.019816586556802
12.019816586556802
12.019816586556802
12.019816586556802
12.019816586556802
12.019816586556802
12.019816586556802
12.019816586556802
12.019816586556802
12.019816586556802
12.019816586556802
12.019816586556802
12.019816586556802
12.019816586556802
12.019816586556802
