0.0
0.0
1.6999740596627757
3.3999481193255514
8.999862668802932
3.3999481193255514
0.0
29.199554436560618
56.49913786526284
5.699913023575189
0.0
0.0
0.0
0.0
0.0
0.899986266880293
0.0
2.699958800640879
1.2999801632715344
0.9999847409781033
1.0999832150759137
11.199829098954758
0.09999847409781033
2.599960326543069
11.79981994354162
4.799926756694896
0.0
0.0
0.0
0.0
0.0
0.0
0.0
0.0
0.0
0.0
0.0
0.0
0.0
0.0
0.0
0.0
0.0
0.0
0.0
0.0
0.0
0.0
0.09999847409781033
0.899986266880293
0.0
0.299995422293431
2.599960326543069
1.199981689173724
0.0
0.0
24.399627679865723
4.199935912108034
0.299995422293431
30.499534599832153
11.099830624856947
16.399749752040897
12.799804684519723
0.0
0.0
0.0
1.199981689173724
0.6999893186846724
2.8999557488364998
0.599990844586862
0.299995422293431
21.499671931029223
12.699806210421912
13.299797055008774
12.499809262226293
9.999847409781033
5.199920653086138
0.0
0.899986266880293
22.999649042496376
26.499595635919736
0.19999694819562067
3.1999511711299307
1.8999710078583965
0.09999847409781033
0.0
0.0
0.0
0.0
0.0
0.0
0.0
0.0
0.0
4.399932860303655
39.49939726863508
10.599838254367896
0.0
0.0
0.0
0.0
1.499977111467155
0.0
0.0
1.2999801632715344
11.79981994354162
4.299934386205844
0.09999847409781033
0.0
0.0
0.0
0.0
0.0
0.0
0.0
0.0
0.09999847409781033
0.0
2.1999664301518274
1.0999832150759137
0.899986266880293
0.0
0.0
0.0
0.0
0.09999847409781033
0.0
0.0
0.09999847409781033
0.0
0.0
0.0
0.0
0.0
0.09999847409781033
0.49999237048905165
0.09999847409781033
0.0
1.2999801632715344
0.299995422293431
0.0
0.0
0.39999389639124133
0.299995422293431
16.599746700236516
2.099967956054017
0.0
0.0
0.0
0.0
1.199981689173724
0.0
0.0
0.0
0.0
0.0
0.0
0.299995422293431
0.0
0.0
0.0
0.0
0.0
0.0
0.0
0.0
0.0
0.0
0.0
0.0
0.0
0.0
0.0
0.0
0.0
0.0
0.0
0.0
0.0
0.0
0.0
0.0
0.0
0.0
0.0
0.0
0.0
0.0
0.0
0.0
0.0
0.0
0.0
0.09999847409781033
0.7999877927824827
0.0
0.0
0.0
0.0
0.0
0.0
0.09999847409781033
0.19999694819562067
0.0
0.0
0.0
0.0
0.0
0.0
0.0
0.0
0.0
0.0
0.0
0.0
0.0
0.0
0.0
0.0
0.0
0.0
0.0
0.0
0.0
0.0
0.0
0.09999847409781033
0.0
0.0
0.0
0.0
0.0
0.0
0.0
0.0
0.39999389639124133
0.0
0.0
0.0
0.0
0.0
0.0
0.0
0.0
0.0
0.0
0.0
0.0
0.0
0.0
0.0
0.0
0.0
0.0
0.0
0.0
0.0
0.0
0.0
0.0
0.0
0.0
0.0
0.0
0.0
0.0
0.0
0.0
0.0
0.0
0.0
0.39999389639124133
0.0
0.599990844586862
9.09986114290074
19.499702449073016
16.399749752040897
0.599990844586862
0.0
0.0
0.0
0.0
0.0
0.0
0.0
0.0
0.0
0.0
0.0
0.0
0.0
0.0
0.0
0.0
0.0
0.0
0.0
0.0
0.0
0.0
0.0
0.0
0.0
0.0
0.0
0.0
0.0
0.0
0.0
0.0
0.0
0.0
0.0
0.0
0.0
0.0
0.0
0.0
0.0
0.0
0.0
0.0
0.0
0.0
16.199752803845275
11.199829098954758
23.99963378347448
13.599792477302206
0.0
0.0
11.99981689173724
15.299766536964981
43.69933318074312
10.999832150759136
8.499870298313878
7.2998886091401545
0.0
0.299995422293431
6.999893186846723
0.0
0.0
0.0
0.0
4.199935912108034
0.0
0.0
0.0
2.699958800640879
3.4999465934233616
18.3997192339971
23.199645990691998
0.0
0.19999694819562067
0.39999389639124133
7.3998870832379655
0.0
1.6999740596627757
9.09986114290074
1.799972533760586
0.0
0.0
0.0
0.0
0.0
0.0
0.0
0.0
0.0
0.0
12.299812314030671
23.99963378347448
17.59973144121462
13.699790951400017
15.199768062867172
6.099906919966431
0.9999847409781033
12.599807736324102
0.19999694819562067
3.2999496452277413
43.4993362325475
36.09944914930953
48.999252307927065
1.3999786373693448
2.399963378347448
4.9999237048905165
0.599990844586862
0.0
0.0
0.0
0.0
0.0
0.0
0.0
0.09999847409781033
0.0
1.3999786373693448
2.4999618524452583
49.99923704890517
12.199813839932862
7.899879453727016
5.99990844586862
0.7999877927824827
0.39999389639124133
2.699958800640879
11.99981689173724
6.999893186846723
2.7999572747386896
0.599990844586862
47.19927977416648
37.999420157167926
6.399902342259861
7.999877927824826
13.599792477302206
0.39999389639124133
0.0
4.499931334401466
3.4999465934233616
0.0
0.0
0.6999893186846724
11.69982146944381
97.09851834897384
46.399291981383996
0.49999237048905165
1.799972533760586
26.799591058213167
6.499900816357672
1.499977111467155
10.199844357976653
23.59963988708324
6.699897764553292
1.0999832150759137
12.799804684519723
11.099830624856947
0.09999847409781033
0.299995422293431
0.0
0.0
0.0
0.0
0.0
0.0
0.0
8.89986419470512
0.09999847409781033
15.999755855649653
24.799621576256964
2.99995422293431
11.199829098954758
19.199707026779585
10.699836728465705
6.999893186846723
1.9999694819562066
0.0
0.0
1.3999786373693448
8.699867246509498
2.099967956054017
2.4999618524452583
4.499931334401466
3.8999404898146026
0.09999847409781033
1.8999710078583965
0.49999237048905165
0.0
0.0
0.0
0.0
0.0
4.399932860303655
5.499916075379568
0.0
0.0
0.0
1.3999786373693448
0.39999389639124133
0.0
0.0
0.09999847409781033
0.0
0.0
0.0
0.19999694819562067
0.0
0.19999694819562067
0.0
0.0
0.0
0.0
0.0
0.0
0.39999389639124133
0.0
0.0
0.0
0.0
0.0
0.0
0.0
14.199783321889067
24.899620050354773
4.299934386205844
12.499809262226293
18.599716182192722
0.9999847409781033
4.599929808499275
0.899986266880293
0.0
0.6999893186846724
16.499748226138703
7.599884031433586
3.599945067521172
0.0
0.0
1.8999710078583965
0.49999237048905165
0.0
0.0
0.0
0.299995422293431
0.0
0.0
0.0
0.0
0.0
0.0
0.0
0.0
0.0
0.0
0.0
0.0
0.0
0.0
0.0
0.0
0.0
0.0
0.0
0.0
0.0
0.0
0.0
0.0
0.0
0.0
0.0
0.0
0.0
0.0
0.0
0.0
0.0
0.0
0.0
0.0
0.0
0.0
0.0
0.0
0.0
0.0
0.0
0.0
0.0
0.0
0.0
0.0
0.0
0.0
0.0
0.0
0.0
0.0
0.0
0.0
0.0
0.0
0.0
0.0
0.0
0.0
0.0
0.0
0.09999847409781033
0.0
0.49999237048905165
0.0
0.0
0.0
0.0
0.0
0.0
0.0
0.0
0.0
0.0
0.0
0.0
0.0
0.0
0.0
0.0
0.0
0.19999694819562067
0.899986266880293
0.0
0.0
0.0
0.0
0.0
0.0
0.0
0.0
0.0
0.0
0.0
0.0
0.0
0.0
0.0
0.0
0.0
3.4999465934233616
0.0
0.299995422293431
3.2999496452277413
0.0
0.0
0.0
0.0
0.0
0.0
0.0
0.299995422293431
3.0999526970321205
1.2999801632715344
0.0
0.0
0.0
0.0
0.0
0.0
0.0
0.0
0.0
0.0
0.0
0.0
0.0
0.0
0.0
0.0
0.0
0.0
0.0
0.0
0.0
0.0
0.0
0.0
0.0
0.0
0.0
0.0
0.0
0.0
0.0
0.0
0.0
0.0
0.0
0.0
0.0
0.0
0.0
0.0
0.0
0.0
0.0
0.0
0.0
0.0
0.0
0.0
0.0
0.0
2.7999572747386896
2.2999649042496375
0.0
0.0
0.0
0.0
0.0
1.6999740596627757
22.499656672007326
12.899803158617534
3.6999435416189828
11.399826047150379
43.4993362325475
29.799545281147477
4.299934386205844
14.199783321889067
3.2999496452277413
2.8999557488364998
28.499565117875946
22.099662775616082
0.09999847409781033
0.49999237048905165
9.599853513389792
5.89990997177081
3.599945067521172
3.0999526970321205
0.599990844586862
0.0
0.0
12.899803158617534
2.99995422293431
0.49999237048905165
0.0
6.499900816357672
0.599990844586862
0.599990844586862
7.199890135042344
0.19999694819562067
0.0
0.0
16.599746700236516
20.999679560540173
0.0
0.0
0.39999389639124133
0.0
0.49999237048905165
0.0
0.0
0.0
4.399932860303655
9.999847409781033
0.0
0.49999237048905165
1.499977111467155
0.09999847409781033
1.8999710078583965
0.0
20.09969329365988
0.599990844586862
0.0
0.0
1.799972533760586
3.799942015716793
3.4999465934233616
0.49999237048905165
0.599990844586862
2.99995422293431
11.499824521248188
0.09999847409781033
0.6999893186846724
0.09999847409781033
0.0
0.0
0.0
0.0
0.0
0.0
0.0
0.0
0.0
0.0
0.0
0.0
0.0
0.0
0.0
0.0
0.0
0.299995422293431
0.0
0.0
0.0
0.0
0.0
0.0
0.19999694819562067
0.0
0.0
0.0
0.0
0.0
0.0
1.799972533760586
0.0
0.0
0.0
0.0
0.0
3.799942015716793
1.9999694819562066
0.6999893186846724
0.0
0.0
0.0
0.0
0.599990844586862
6.5998992904554825
23.699638361181048
5.299919127183948
5.89990997177081
0.299995422293431
0.0
0.0
0.599990844586862
2.099967956054017
1.8999710078583965
4.099937438010224
7.3998870832379655
0.0
6.5998992904554825
11.69982146944381
0.39999389639124133
0.09999847409781033
0.09999847409781033
0.0
0.0
4.899925230792707
14.899772640573739
2.699958800640879
2.1999664301518274
0.0
0.599990844586862
0.299995422293431
0.19999694819562067
0.39999389639124133
0.49999237048905165
0.0
0.0
0.0
0.0
0.0
0.0
0.0
0.0
0.0
0.0
0.0
0.0
0.0
0.0
0.0
0.0
0.0
0.0
0.0
0.0
0.0
0.0
0.0
0.0
0.0
0.0
0.0
3.1999511711299307
0.7999877927824827
0.19999694819562067
1.199981689173724
1.499977111467155
0.0
4.9999237048905165
8.499870298313878
3.999938963912413
1.199981689173724
0.0
0.0
0.0
0.0
0.0
0.0
0.0
0.0
0.0
7.999877927824826
0.6999893186846724
0.0
0.0
0.0
0.0
0.0
0.0
0.0
0.0
0.0
0.0
0.0
0.0
0.19999694819562067
0.0
0.0
0.0
0.0
0.0
0.0
0.0
0.0
0.0
0.0
0.0
0.0
0.0
0.0
0.09999847409781033
0.0
0.0
0.0
0.0
0.0
0.0
0.0
0.0
0.0
0.0
0.0
0.0
0.0
0.0
0.0
0.0
0.0
0.0
0.0
0.0
0.0
0.0
0.0
0.0
0.0
0.0
0.0
0.0
0.0
0.0
0.0
0.0
0.0
0.0
0.0
0.0
0.0
0.19999694819562067
0.0
0.0
0.0
0.0
0.0
0.09999847409781033
0.0
0.0
0.299995422293431
0.0
1.199981689173724
0.0
0.7999877927824827
0.0
0.0
0.0
0.0
0.0
0.19999694819562067
0.0
0.0
0.0
0.0
0.0
0.0
0.0
0.0
0.0
0.0
0.0
0.0
0.0
0.0
0.0
0.0
0.0
0.0
0.0
0.0
0.0
0.0
0.0
0.0
0.0
0.0
0.0
0.0
0.0
0.0
0.0
0.0
0.0
0.0
0.0
0.0
0.0
0.0
0.0
0.0
0.0
0.0
0.0
0.0
0.0
0.0
0.0
0.0
0.0
0.0
0.0
0.0
0.0
0.0
0.0
0.0
0.0
0.0
0.0
0.0
0.0
0.0
0.0
0.0
0.0
0.0
0.0
0.0
0.0
0.0
0.0
0.0
0.0
0.0
0.899986266880293
9.19985961699855
0.0
0.0
0.0
0.0
7.699882505531396
0.599990844586862
0.0
0.0
7.899879453727016
11.69982146944381
0.0
0.0
0.0
0.0
0.19999694819562067
0.0
0.299995422293431
0.0
0.0
0.0
0.0
0.0
0.0
0.0
0.0
0.0
0.0
0.0
0.0
0.0
0.0
0.0
0.299995422293431
5.89990997177081
14.4997787441825
1.6999740596627757
0.0
0.0
11.69982146944381
0.0
0.0
0.0
0.0
0.0
0.0
0.0
3.999938963912413
2.99995422293431
0.0
2.099967956054017
0.0
0.0
0.599990844586862
0.0
0.299995422293431
1.499977111467155
14.399780270084689
0.0
0.299995422293431
0.0
7.799880979629205
0.0
0.0
0.0
0.0
0.299995422293431
0.0
0.0
0.0
0.0
0.0
0.0
0.0
0.0
6.499900816357672
20.2996902418555
1.6999740596627757
16.999740596627756
1.8999710078583965
21.099678034637982
33.599487296864275
18.699714656290535
0.899986266880293
3.4999465934233616
0.0
6.499900816357672
0.0
1.2999801632715344
0.0
0.0
0.0
0.0
0.09999847409781033
0.599990844586862
6.499900816357672
10.599838254367896
1.3999786373693448
0.299995422293431
2.099967956054017
0.19999694819562067
0.0
0.0
1.8999710078583965
0.09999847409781033
0.0
0.0
0.0
0.0
0.0
0.0
0.0
0.0
0.0
0.0
0.0
0.0
0.0
3.599945067521172
0.0
0.299995422293431
6.899894712748914
20.399688715953307
2.699958800640879
0.0
0.0
0.6999893186846724
6.899894712748914
0.0
0.0
9.499855039291981
13.699790951400017
0.09999847409781033
0.0
0.0
0.0
0.0
0.09999847409781033
0.0
0.0
0.0
0.0
0.0
0.0
0.0
0.0
0.0
0.0
0.09999847409781033
0.0
0.0
0.0
0.0
0.09999847409781033
0.0
0.0
0.0
0.09999847409781033
0.0
0.0
0.0
0.0
0.0
0.09999847409781033
2.599960326543069
0.0
0.09999847409781033
0.0
3.599945067521172
0.299995422293431
0.0
0.0
0.0
0.0
0.09999847409781033
0.0
0.0
0.0
0.0
0.0
0.0
0.0
0.0
0.0
0.0
0.0
0.0
0.0
0.0
0.0
0.09999847409781033
0.0
0.0
0.0
0.0
0.0
0.09999847409781033
0.0
0.0
0.0
0.0
0.0
0.0
0.0
0.0
0.0
0.0
0.0
0.0
0.0
0.0
0.0
0.09999847409781033
0.0
0.0
0.0
0.0
0.0
0.0
0.0
0.0
0.0
0.0
0.0
0.0
0.0
0.0
0.0
0.0
0.0
0.0
0.0
0.0
0.0
0.0
0.0
0.0
0.0
0.0
0.0
0.0
0.0
0.0
0.0
0.0
0.0
0.0
0.0
0.0
0.0
0.0
0.0
0.0
0.19999694819562067
0.899986266880293
0.0
0.0
0.0
0.0
0.299995422293431
0.299995422293431
0.09999847409781033
0.0
0.0
0.0
0.0
0.0
0.0
0.0
0.0
0.0
0.0
0.0
0.0
0.0
0.0
0.0
0.0
0.0
0.0
0.0
0.0
0.0
0.0
0.0
0.0
0.0
0.0
0.0
0.0
0.0
0.0
0.0
0.0
0.0
0.0
0.0
0.0
0.0
0.0
0.0
0.0
0.0
0.0
0.0
0.0
3.3999481193255514
0.0
0.0
0.0
0.0
0.0
0.09999847409781033
0.0
0.299995422293431
0.19999694819562067
0.0
0.0
0.0
0.0
0.0
0.0
0.0
0.299995422293431
0.0
