nan
nan
nan
0.1933162692410454
0.29009549974355336
0.3655974788136559
0.414240124435349
0.4923375868729999
0.4762922172403775
0.4570163999164442
0.4385753432712587
0.3174831994682613
0.20209601125234278
0.12473492326360765
0.09314729827293342
0.08409767323176212
0.08713952783365488
0.09500501491098132
0.07513306416116955
0.047436898459667066
0.08829817879233634
0.1387728697431254
0.16461456062889473
0.16207625602360692
0.16207625602360692
0.21852897885026365
0.29328585253833606
0.36731547574443246
0.46810657888016516
0.48868731844986385
0.540569311159285
0.5513461587826867
0.5355351029263123
0.5069039728629322
0.4677286241059446
0.41966594213205
0.35450993987345597
0.33431733842692907
0.2614785653444143
0.19551926404249112
0.14846788513427298
0.11228747022609427
0.11228747022609427
0.1127147906521615
0.04932894297447214
0.05301799778535564
0.0518747457722215
0.0518747457722215
0.03875982204460636
0.05532066379363859
0.06893399692297812
0.07502348520927908
0.07502348520927908
0.1015222724112631
0.13331714614701687
0.14423324167023555
0.19092395497539855
0.18000537188072954
0.17647979818596204
0.16839909919150278
0.16839909919150278
0.1801127766656996
0.18581212470309602
0.20283337615852703
0.2034736282885315
0.20565890075989388
0.21289633717954942
0.20811304940457281
0.2073005007162259
0.2073005007162259
0.20831148667530874
0.16810580354229096
0.137574351118569
0.12402849861692763
0.14006972433831255
0.15188882557622613
0.16111212384285128
0.19241925598006382
0.22686172135518184
0.2741146149522172
0.32831469958348947
0.3513209846736983
0.3951885168381593
0.43743082645038195
0.47520743773659674
0.5076725967301288
0.49822089225156113
0.4709298357734728
0.453757625273366
0.4578652371783237
0.460719777348295
0.4904754820049715
0.524997553052296
0.5415450168527255
0.5295664241456364
0.517724221700242
0.4935885912615147
0.46403285279684714
0.4330881523139503
0.3873185445418274
0.3769553655809346
0.3400093208010887
0.3000550068518913
0.26597700623541154
0.25004007172564524
0.22063294642545364
0.18345270094528693
0.14043825724394066
0.09549925441717204
0.09549925441717204
0.09478926594237161
0.06649408323719143
0.06222228793385331
0.07618347249072661
0.07618347249072661
0.07618456795621793
0.07835354616663764
0.07720764442273685
0.07175478671484212
0.07175478671484212
0.07175478671484212
0.0779585067854963
0.0567403690325063
0.03982655983187533
0.03982655983187533
0.03982655983187533
0.040586602090288554
8.960600765871957e-05
0.02046809133534175
0.02046809133534175
0.004556670756073363
0.015590188066761912
0.02346025150992045
0.04255320921861245
0.05764671762829799
0.08842845359983276
0.10141520611870758
0.1374406274448367
0.15096625898532
0.1705085872363858
0.17183269437576143
0.1632703308134961
0.16044278830605896
0.1594902067329242
0.15257082517839324
0.15303374901874353
0.1524346622657092
0.15840880725600887
0.16491531232757856
0.17982910856886902
0.19195723465744652
0.2129420588423424
0.2464466621699864
0.2920662256544839
0.33304860465539504
0.37232825708451134
0.4125206014374588
0.44097555272719435
0.46069736429780395
0.4769470874521238
0.4910723513964612
0.49944278413483423
0.5059160154107926
0.509479978745777
0.5066773904509518
0.4973355963559921
0.48786327783199396
0.4813953954734928
0.4593972612134905
0.4448700520160442
0.43903526298779266
0.3961775794397526
0.38280009162537865
0.34778141913192445
0.29415621262855923
0.27499902769021667
0.2577314592872084
0.22393089761848248
0.19600235582571277
0.17493946227072726
0.16709070145297103
0.14801892188681862
0.12542640669736763
0.11331672081520827
0.10315955113953526
0.07896798109766309
0.06324352300202556
0.023847189289377364
0.023847189289377364
0.02399271572628473
0.02069665308246771
0.020536792790343122
0.020341096366156077
0.02100431308817643
0.019451173275109635
0.019857579447094653
0.028743692215202284
0.1781761251701677
0.19949619476278777
0.19949619476278777
0.22421868752282398
0.23666245651216014
0.25256475584088794
0.2566312061194464
0.2538550217677156
0.2506570440992656
0.24101834907860617
0.23590020690989372
0.2263758518192509
0.22121636292289334
0.22076853562497625
0.21460997811235932
0.20101572489169106
0.1959820873566772
0.1959820873566772
0.1887549828671751
0.17379668394324344
0.15983914877135627
0.13801236846179538
0.13461949541192764
0.12783614954753547
0.1310037079229957
0.15966890947194406
0.20151951947091806
0.25191630795299025
0.29428954055982876
0.3528247906885768
0.40002005319441813
0.4423099027531656
0.47755870967814645
0.5062401510203577
0.5250648269775556
0.5414299993907195
0.5524021669589946
0.5606132114183676
0.570063115809196
0.5738057983833837
0.5489990019294411
0.5413356019055949
0.5257528356131712
0.4786961933036158
0.4190878449801841
0.40189725366384177
0.36305048271930673
0.3260795118862043
0.2723189847187564
0.3042403293818297
0.2785260073969654
0.2507010358835308
0.24145591628154026
0.24279695615203079
0.21250442720254442
0.18427504278933726
0.1662601748776671
0.14629822226713754
0.12963369110915357
0.11525331063684213
0.10084093609163251
0.08156058014234997
0.07373580805722552
0.06559763755224986
0.052386941038359565
0.04520631481025231
0.03290935147800292
0.003836025838458295
0.006231970745938547
0.010072591202489656
0.022630815576559313
0.02508507676164712
0.02623839041353688
0.032206544686678315
0.0579008771863814
0.05984881436884523
0.09069209948782003
0.10904314362206351
0.11947047387179353
0.13516715820449096
0.14857135137358762
0.15938230226248526
0.1788387389001264
0.18948442453237083
0.19146647546563056
0.19409851967137898
0.19938678032765994
0.1942052429603574
0.19084168842548796
0.18531996007750356
0.181809774125078
0.17112224806743895
0.16583251334368124
0.1648980855947836
0.16687721540185665
0.1752408955100291
0.19464133375195058
0.21151921704258025
0.22964320341054786
0.25465814277437626
0.2753251824088288
0.29752138940658795
0.3181021740995538
0.33360701975637275
0.3446341152632092
0.34669025518641894
0.34504635339047507
0.3034842764948366
0.2752614436750237
0.256940477246601
0.25682646964083294
0.23882873526424972
0.27133180122494815
0.28631894800313196
0.29029343853955814
0.28152451349085106
0.2791029095273183
0.26474990177656593
nan
nan
